filename	spectral_type	luminosity_class	Teff	mU	mV	mK	mBol	BC_U	BC_V	BC_K
pickles_uk_1	O5	V	39810.7	-6.212095713293991	-5.400146056422095	-2.4232282921265096	-6.441078751333201	0.22898303803921038	1.0409326949111062	4.0178504592066915
pickles_uk_2	O9	V	35481.4	-4.716619549598782	-4.000177238909558	-1.129719755292136	-6.092118863213521	1.375499313614739	2.0919416243039635	4.962399107921385
pickles_uk_3	B0	V	28183.8	-4.352154981544345	-3.7001268638953277	-0.965513900893491	-5.6842759569444254	1.3321209754000805	1.9841490930490977	4.7187620560509345
pickles_uk_4	B1	V	22387.2	-3.6633407795226205	-3.2000296301452593	-0.5198679037694376	-4.874337144333012	1.2109963648103914	1.6743075141877526	4.354469240563574
pickles_uk_5	B3	V	19054.6	-2.2743027909749927	-2.1000836178703466	0.5797132779896472	-3.261187129951857	0.9868843389768642	1.1611035120815103	3.840900407941504
pickles_uk_6	B6	V	14125.4	-0.5507341074252778	-0.7000781473902364	1.5905510752528116	-1.4264834613303279	0.87574935390505	0.7264053139400914	3.0170345365831395
pickles_uk_7	B8	V	11749.0	0.37010552665566365	-0.00012158559403729896	2.197519112132234	-0.5173852666497822	0.8874907933054459	0.5172636810557449	2.714904378782016
pickles_uk_9	A0	V	9549.93	1.3558176400329032	0.6000285688622427	2.4915977661951985	0.2121031595785965	1.1437144804543067	0.38792540928364616	2.279494606616602
pickles_uk_10	A2	V	8912.51	1.9181661801336034	1.1000268882451536	3.120339444531787	0.8012835776480713	1.116882602485532	0.29874331059708226	2.3190558668837156
pickles_uk_11	A3	V	8790.23	2.269712088040478	1.3999926183831803	3.4084454245986606	1.1097232668694872	1.159988821170991	0.29026935151369315	2.2987221577291734
pickles_uk_12	A5	V	8491.8	2.858405429559795	1.9000079052921066	3.431167768399547	1.5372447081094336	1.3211607214503616	0.362763197182673	1.8939230602901134
pickles_uk_14	F0	V	7211.08	3.6816157397718143	2.6000303915627754	3.809151824984717	2.136988588372411	1.5446271513994034	0.4630418031903645	1.672163236612306
pickles_uk_15	F2	V	6776.42	4.024998520731579	2.9000633008709187	4.137612399582487	2.427271195476557	1.597727325255022	0.4727921053943618	1.71034120410593
pickles_uk_16	F5	V	6531.31	4.563345336528549	3.4000204093736386	4.225462155438606	2.8231169089438524	1.7402284275846966	0.5769035004297862	1.402345246494754
pickles_uk_20	F8	V	6039.48	5.248761637254056	3.8999643545625773	4.5405113436492215	3.2244009917649876	2.024360645489068	0.6755633627975897	1.3161103518842339
pickles_uk_23	G0	V	5807.64	5.744838967515513	4.299990485076485	4.886675818195897	3.6068691470997294	2.1379698204157833	0.6931213379767556	1.2798066710961677
pickles_uk_26	G2	V	5636.38	6.265502678741065	4.70000728414994	5.028896034871671	3.769768053302464	2.495734625438601	0.9302392308474765	1.2591279815692076
pickles_uk_27	G5	V	5584.7	6.91405388129396	5.200059028112413	5.582020982049215	4.41588510084663	2.4981687804473296	0.7841739272657833	1.1661358812025853
pickles_uk_30	G8	V	5333.35	7.480872776605935	5.6000127317908195	5.731694469154178	4.707377872908609	2.773494903697326	0.8926348588822108	1.0243165962455691
pickles_uk_31	K0	V	5188.0	7.86225571465333	5.899927265685179	5.899834309944559	4.921014947457451	2.941240767195879	0.978912318227728	0.9788193624871084
pickles_uk_33	K2	V	4886.52	8.738316927895305	6.399888247881606	6.070438477960401	5.236506489941526	3.501810437953779	1.1633817579400798	0.8339319880188754
pickles_uk_36	K5	V	4187.94	10.330160746714284	7.199770213403433	6.232153004113101	5.575979797581276	4.7541809491330085	1.6237904158221568	0.6561732065318253
pickles_uk_37	K7	V	3999.45	11.15674451489999	7.899815654479347	6.6985469995313025	6.110212164215767	5.046532350684224	1.7896034902635805	0.5883348353155355
pickles_uk_38	M0	V	3801.89	12.30758357252693	8.999861538864742	7.219123261373909	6.771195314875989	5.536388257650941	2.2286662239887534	0.44792794649792
pickles_uk_40	M2	V	3548.13	14.498817682397728	11.199871519016966	8.944000197932908	8.611430536378926	5.887387146018803	2.5884409826380406	0.3325696615539826
pickles_uk_43	M4	V	3111.72	17.21263153066443	13.399991007417377	9.976233728895714	9.704940153611041	7.507691377053391	3.695050853806336	0.27129357528467324
pickles_uk_44	M5	V	2951.21	18.400102955788704	14.599980264933187	10.070804504166126	10.104349823515868	8.295753132272836	4.495630441417319	-0.033545319349741476
pickles_uk_46	B2	IV	19952.6	-3.8838684316829912	-3.4001385059937874	-0.7482116275314539	-4.8913104997918	1.0074420681088085	1.4911719937980124	4.143098872260346
pickles_uk_47	B6	IV	12589.3	-1.0150545563722275	-1.3000945954092273	1.0754646875908591	-1.92841107224384	0.9133565158716124	0.6283164768346126	3.003875759834699
pickles_uk_48	A0	IV	9727.47	0.9956864285797309	0.2999176048207559	2.2244792520400622	-0.051253358375085156	1.046939786954816	0.35117096319584107	2.2757326104151474
pickles_uk_49	A7	IV	7943.28	2.3939986665630215	1.4999815101869558	3.004939987074934	1.1322953047888262	1.2617033617741953	0.3676862053981296	1.8726446822861078
pickles_uk_50	F0	IV	7030.72	3.1918002622878845	2.100009555335305	3.2455079345535722	1.6177004737308707	1.5740997885570138	0.4823090816044342	1.6278074608227016
pickles_uk_51	F5	IV	6561.45	2.65751514057812	1.5000003814904375	2.4061574879372998	0.9299281596490019	1.727586980929118	0.5700722218414356	1.476229328288298
pickles_uk_52	F8	IV	6151.77	3.7077307760426024	2.3000293964410687	2.9012149721383693	1.6255854319584273	2.082145344084175	0.6744439644826414	1.275629540179942
pickles_uk_53	G0	IV	5929.25	4.4408642580454725	2.8999627085127884	3.4182884430035756	2.1792779280045096	2.261586330040963	0.7206847805082788	1.239010514999066
pickles_uk_54	G2	IV	5688.53	4.61168308834052	2.8999907133465115	3.294785000262088	2.13550198078854	2.47618110755198	0.7644887325579717	1.1592830194735484
pickles_uk_55	G5	IV	5597.57	4.879221250196103	2.9999881483033235	3.2860427587125542	2.17397691411977	2.7052443360763334	0.8260112341835537	1.1120658445927845
pickles_uk_56	G8	IV	5308.84	5.225311117378958	3.0999983574069105	3.1814517774890163	2.170786232039724	3.0545248853392337	0.9292121253671866	1.0106655454492923
pickles_uk_57	K0	IV	5011.87	5.521509426832829	3.099928254394186	3.0171294053774673	2.064059904435446	3.4574495223973827	1.03586834995874	0.9530695009420214
pickles_uk_58	K1	IV	4786.3	5.588251045200664	3.0999189347299634	2.9186172964995762	1.9843484308297121	3.603902614370952	1.1155705039002513	0.9342688656698641
pickles_uk_59	K3	IV	4570.88	6.217301969935882	3.0999277761044866	2.58958518484647	1.7855906840923836	4.431711285843498	1.314337092012103	0.8039945007540865
pickles_uk_60	O8	III	31622.8	-5.933968271838673	-5.200113963932665	-2.3222468168500825	-6.527593449711226	0.5936251778725534	1.3274794857785608	4.2053466328611435
pickles_uk_61	B2	III	19952.6	-4.594687643123407	-4.100094434539486	-1.5073977901869782	-5.468312979288108	0.8736253361647002	1.368218544748622	3.9609151891011294
pickles_uk_63	B5	III	14791.1	-2.032867155395941	-2.1000874488068177	0.2306055551317172	-2.8600933379284825	0.8272261825325415	0.7600058891216648	3.0906988930601997
pickles_uk_64	B9	III	11091.8	-0.16052633800975258	-0.7000776614960955	1.4465984518230002	-1.115443053670063	0.9549167156603104	0.4153653921739675	2.562041505493063
pickles_uk_65	A0	III	9571.94	0.46147815343196186	-0.29997829416273447	1.6396874270820874	-0.6863393545479894	1.1478175079799513	0.386361060385255	2.326026781630077
pickles_uk_67	A5	III	8452.79	1.608744512980202	0.6000499589825239	2.116850083980907	0.24173911590644792	1.3670053970737541	0.35831084307607597	1.875110968074459
pickles_uk_69	F0	III	7585.78	2.624861397497476	1.4999942490274734	2.727408413831064	1.0562589204796424	1.5686024770178335	0.44373532854783093	1.6711494933514217
pickles_uk_71	F5	III	6531.31	2.7350882795749527	1.499996145554455	2.325781995841787	0.8956319855200618	1.8394562940548909	0.6043641600343932	1.430150010321725
pickles_uk_72	G0	III	5610.48	2.684544680829717	0.9999977225493168	1.125880953887112	0.12202755401728638	2.5625171268124305	0.8779701685320305	1.0038533998698256
pickles_uk_73	G5	III	5164.16	2.603338597552117	0.39997654153185636	0.23549831510403862	-0.6347848014130264	3.2381233989651435	1.0347613429448828	0.870283116517065
pickles_uk_76	G8	III	5011.87	2.890423890831457	0.5000233782131502	0.267467190196399	-0.5820695592832763	3.472493450114733	1.0820929374964265	0.8495367494796753
pickles_uk_78	K0	III	4852.89	3.062728775986713	0.49993395079663117	0.13495083985157663	-0.6559170369265104	3.7186458129132234	1.1558509877231415	0.790867876778087
pickles_uk_87	K3	III	4365.16	3.3200556465224906	0.09988213858184736	-1.1199461037563978	-1.5421348653790545	4.862190511901545	1.6420170039609019	0.4221887616226567
pickles_uk_93	K5	III	4008.67	3.643636408558379	-0.2000632860200824	-1.8764432384397338	-2.480923359459574	6.124559768017953	2.2808600734394915	0.60448012101984
pickles_uk_95	M0	III	3819.44	3.1011809846229212	-0.6999126360785795	-2.617398728854816	-3.1382784991038193	6.2394594837267405	2.43836586302524	0.5208797702490031
pickles_uk_100	M5	III	3419.79	2.679783130962207	-0.499539186416591	-4.457432232878226	-4.763241722405844	7.443024853368051	4.263702535989253	0.30580948952761844
pickles_uk_105	M9	III	2500.35	1.517776119422031	0.001048988761937153	-7.754782772333137	-7.797618385450328	9.315394504872359	7.798667374212265	0.042835613117190974
pickles_uk_106	B2	II	15995.6	-5.479159268171351	-5.10004741842112	-2.7953476307813006	-5.978321327750713	0.499162059579362	0.878273909329593	3.1829736969694125
pickles_uk_107	B5	II	12589.3	-4.5650593879727595	-4.500070790400201	-2.473678053423008	-5.179975796070565	0.6149164080978053	0.6799050056703635	2.706297742647557
pickles_uk_108	F0	II	7943.28	-1.4297277575114649	-2.5000219351773865	-1.225397074272017	-2.8929672878729917	1.4632395303615269	0.39294535269560527	1.6675702136009747
pickles_uk_109	F2	II	7328.25	-1.223103549297413	-2.500002390488305	-1.3193817395146965	-2.940981930582744	1.717878381285331	0.44097954009443896	1.6216001910680475
pickles_uk_110	G5	II	5248.07	-0.20430083993729653	-2.3999651218736133	-2.2964686020012337	-3.314039667860385	3.1097388279230884	0.9140745459867716	1.0175710658591512
pickles_uk_111	K1	II	5011.87	0.780935671834392	-2.5000269409405647	-2.805126004054081	-3.6965489204609057	4.477484592295298	1.196521979520341	0.8914229164068246
pickles_uk_112	K2	II	4255.98	1.4007337639421777	-2.4998852090028976	-3.765070432702558	-4.47277631815227	5.873510082094448	1.9728911091493728	0.7077058854497125
pickles_uk_113	M3	II	3411.93	1.4547695109670329	-2.7998650485541177	-5.914334939248079	-5.962509143281132	7.417278654248165	3.162644094727014	0.04817420403305306
pickles_uk_114	B0	I	26001.6	-7.0498984910079585	-6.500175701886164	-3.9130600114155882	-7.9458776555117865	0.895979164503828	1.4457019536256226	4.032817644096198
pickles_uk_117	B5	I	13396.8	-6.470047374763247	-6.400083561262456	-4.35281890518425	-7.094613151013938	0.6245657762506909	0.6945295897514825	2.741794245829688
pickles_uk_118	B8	I	11194.4	-6.263035549019925	-6.400095525204982	-4.480905314020916	-6.812197009370372	0.5491614603504473	0.4121014841653903	2.3312916953494565
pickles_uk_119	A0	I	9727.47	-5.91108050365289	-6.400080112936465	-4.659335344815638	-6.80013410222594	0.8890535985730494	0.400053989289475	2.140798757410302
pickles_uk_121	F0	I	7691.3	-5.632363789637971	-6.800004031999542	-5.494993942386273	-7.195076677732722	1.562712888094751	0.3950726457331797	1.7000827353464487
pickles_uk_122	F5	I	6637.43	-5.378860212604408	-6.600042104574733	-5.4821240929043	-7.074942553605304	1.6960823410008956	0.4749004490305708	1.5928184607010039
pickles_uk_123	F8	I	6095.37	-4.6361804980287715	-6.399891843830581	-5.706531454696453	-6.990294703575017	2.354114205546246	0.5904028597444366	1.2837632488785644
pickles_uk_124	G0	I	5508.08	-4.325859033124125	-6.299941186026167	-5.894977454519221	-6.994667434232667	2.6688084011085422	0.6947262482065	1.099689979713446
pickles_uk_126	G5	I	5046.61	-3.462246449078755	-6.099967015173526	-6.000492771490919	-6.999503644353382	3.537257195274627	0.8995366291798561	0.9990108728624634
pickles_uk_127	G8	I	4591.98	-2.9729733899383746	-6.099995943119339	-6.026278153646537	-7.08460938259212	4.111635992653746	0.9846134394727812	1.0583312289455833
pickles_uk_128	K2	I	4255.98	-2.2205624405963036	-6.099974198801725	-6.473857596747543	-7.377015443375122	5.156453002778818	1.2770412445733967	0.9031578466275789
pickles_uk_130	K4	I	3990.25	-2.0786500117813205	-6.2000106694969475	-7.9549888995028795	-8.31530173787602	6.236651726094699	2.115291068379072	0.3603128383731402
pickles_uk_131	M2	I	3451.44	-2.0116709247763254	-6.300015913334086	-8.70025986032229	-8.971390958770911	6.959720033994586	2.6713750454368252	0.2711310984486204
wd1	DA0	D	50400.0	10.46314896773228	10.799779861429421		10.625646697992565	-0.16249773026028436	0.17413316343685636	
wd2	DA6	D	8400.0	14.217429366372038	13.700102696357774		13.381336895514146	0.8360924708578921	0.3187658008436287	
