# Wavelength is in Angstrom
# Fluxes are tabulated in units of erg/s/cm^2/A @ d=10pc
# wavelength    flux
  3.200000E+03 -5.206416E-18
  3.202000E+03 -8.217942E-18
  3.204000E+03  3.339943E-17
  3.206000E+03 -1.579246E-17
  3.208000E+03  4.796911E-17
  3.210000E+03 -2.809259E-17
  3.212000E+03  1.668671E-16
  3.214000E+03 -2.786808E-17
  3.216000E+03  6.051276E-17
  3.218000E+03  6.404841E-17
  3.220000E+03  5.547333E-17
  3.222000E+03  1.084227E-17
  3.224000E+03 -1.902717E-18
  3.226000E+03  1.580976E-17
  3.228000E+03  8.508054E-18
  3.230000E+03  1.060273E-18
  3.232000E+03  1.069170E-17
  3.234000E+03  8.737127E-16
  3.236000E+03  7.920094E-16
  3.238000E+03  8.533327E-16
  3.240000E+03  9.377220E-16
  3.242000E+03  9.369615E-16
  3.244000E+03  9.636177E-16
  3.246000E+03  9.384765E-16
  3.248000E+03  9.459354E-16
  3.250000E+03  9.285566E-16
  3.252000E+03  9.514482E-16
  3.254000E+03  9.923359E-16
  3.256000E+03  1.031454E-15
  3.258000E+03  9.726837E-16
  3.260000E+03  9.330033E-16
  3.262000E+03  9.512633E-16
  3.264000E+03  9.308876E-16
  3.266000E+03  9.824902E-16
  3.268000E+03  9.634000E-16
  3.270000E+03  9.121959E-16
  3.272000E+03  8.867721E-16
  3.274000E+03  9.040842E-16
  3.276000E+03  8.724348E-16
  3.278000E+03  8.712567E-16
  3.280000E+03  8.469551E-16
  3.282000E+03  8.409220E-16
  3.284000E+03  9.105492E-16
  3.286000E+03  8.253389E-16
  3.288000E+03  8.090887E-16
  3.290000E+03  8.337472E-16
  3.292000E+03  8.375523E-16
  3.294000E+03  8.705495E-16
  3.296000E+03  8.718583E-16
  3.298000E+03  8.727337E-16
  3.300000E+03  9.033358E-16
  3.302000E+03  9.190222E-16
  3.304000E+03  8.948151E-16
  3.306000E+03  9.511511E-16
  3.308000E+03  9.395614E-16
  3.310000E+03  9.327905E-16
  3.312000E+03  9.356494E-16
  3.314000E+03  9.133296E-16
  3.316000E+03  9.440473E-16
  3.318000E+03  1.008499E-15
  3.320000E+03  9.689615E-16
  3.322000E+03  9.727142E-16
  3.324000E+03  9.664723E-16
  3.326000E+03  9.544929E-16
  3.328000E+03  8.869780E-16
  3.330000E+03  9.091915E-16
  3.332000E+03  8.695558E-16
  3.334000E+03  8.961508E-16
  3.336000E+03  8.954382E-16
  3.338000E+03  8.369090E-16
  3.340000E+03  8.321123E-16
  3.342000E+03  8.267752E-16
  3.344000E+03  7.503641E-16
  3.346000E+03  7.599695E-16
  3.348000E+03  7.603941E-16
  3.350000E+03  7.871952E-16
  3.352000E+03  8.595798E-16
  3.354000E+03  8.114888E-16
  3.356000E+03  8.737635E-16
  3.358000E+03  8.382352E-16
  3.360000E+03  8.976240E-16
  3.362000E+03  9.206007E-16
  3.364000E+03  8.907667E-16
  3.366000E+03  9.380576E-16
  3.368000E+03  9.022820E-16
  3.370000E+03  9.282273E-16
  3.372000E+03  1.017429E-15
  3.374000E+03  1.026320E-15
  3.376000E+03  9.198593E-16
  3.378000E+03  8.949698E-16
  3.380000E+03  9.476339E-16
  3.382000E+03  9.174075E-16
  3.384000E+03  9.374683E-16
  3.386000E+03  9.335329E-16
  3.388000E+03  9.555610E-16
  3.390000E+03  9.420058E-16
  3.392000E+03  9.478044E-16
  3.394000E+03  9.643837E-16
  3.396000E+03  9.400819E-16
  3.398000E+03  9.219525E-16
  3.400000E+03  9.361738E-16
  3.402000E+03  8.986060E-16
  3.404000E+03  8.843153E-16
  3.406000E+03  9.262792E-16
  3.408000E+03  8.624752E-16
  3.410000E+03  8.769881E-16
  3.412000E+03  8.517838E-16
  3.414000E+03  7.690146E-16
  3.416000E+03  7.668733E-16
  3.418000E+03  7.597461E-16
  3.420000E+03  7.307742E-16
  3.422000E+03  7.776008E-16
  3.424000E+03  6.978515E-16
  3.426000E+03  7.703688E-16
  3.428000E+03  7.809657E-16
  3.430000E+03  7.059533E-16
  3.432000E+03  8.243775E-16
  3.434000E+03  7.896446E-16
  3.436000E+03  8.133368E-16
  3.438000E+03  4.323692E-15
  3.440000E+03  4.044705E-15
  3.442000E+03  7.390880E-15
  3.444000E+03  1.277736E-14
  3.446000E+03  1.446275E-14
  3.448000E+03  1.641059E-14
  3.450000E+03  1.903038E-14
  3.452000E+03  2.140149E-14
  3.454000E+03  2.270311E-14
  3.456000E+03  2.355029E-14
  3.458000E+03  2.389614E-14
  3.460000E+03  2.419235E-14
  3.462000E+03  2.335988E-14
  3.464000E+03  2.366204E-14
  3.466000E+03  2.367769E-14
  3.468000E+03  2.301380E-14
  3.470000E+03  2.322147E-14
  3.472000E+03  2.313007E-14
  3.474000E+03  2.311767E-14
  3.476000E+03  2.329823E-14
  3.478000E+03  2.330951E-14
  3.480000E+03  2.298014E-14
  3.482000E+03  2.335303E-14
  3.484000E+03  2.302392E-14
  3.486000E+03  2.333500E-14
  3.488000E+03  2.316612E-14
  3.490000E+03  2.343758E-14
  3.492000E+03  2.309646E-14
  3.494000E+03  2.369731E-14
  3.496000E+03  2.296170E-14
  3.498000E+03  2.264045E-14
  3.500000E+03  2.305381E-14
  3.502000E+03  2.300361E-14
  3.504000E+03  2.325488E-14
  3.506000E+03  2.337619E-14
  3.508000E+03  2.286443E-14
  3.510000E+03  2.314124E-14
  3.512000E+03  2.330371E-14
  3.514000E+03  2.307761E-14
  3.516000E+03  2.305303E-14
  3.518000E+03  2.266942E-14
  3.520000E+03  2.279132E-14
  3.522000E+03  2.275582E-14
  3.524000E+03  2.284257E-14
  3.526000E+03  2.254470E-14
  3.528000E+03  2.241968E-14
  3.530000E+03  2.272979E-14
  3.532000E+03  2.289352E-14
  3.534000E+03  2.268749E-14
  3.536000E+03  2.255439E-14
  3.538000E+03  2.249168E-14
  3.540000E+03  2.247377E-14
  3.542000E+03  2.220582E-14
  3.544000E+03  2.242702E-14
  3.546000E+03  2.253205E-14
  3.548000E+03  2.282905E-14
  3.550000E+03  2.241748E-14
  3.552000E+03  2.243358E-14
  3.554000E+03  2.279866E-14
  3.556000E+03  2.269942E-14
  3.558000E+03  2.264763E-14
  3.560000E+03  2.240533E-14
  3.562000E+03  2.279264E-14
  3.564000E+03  2.244667E-14
  3.566000E+03  2.280987E-14
  3.568000E+03  2.257803E-14
  3.570000E+03  2.308519E-14
  3.572000E+03  2.243901E-14
  3.574000E+03  2.292219E-14
  3.576000E+03  2.255609E-14
  3.578000E+03  2.247744E-14
  3.580000E+03  2.228725E-14
  3.582000E+03  2.281017E-14
  3.584000E+03  2.271968E-14
  3.586000E+03  2.302348E-14
  3.588000E+03  2.252518E-14
  3.590000E+03  2.315394E-14
  3.592000E+03  2.251363E-14
  3.594000E+03  2.292924E-14
  3.596000E+03  2.273590E-14
  3.598000E+03  2.263652E-14
  3.600000E+03  2.262693E-14
  3.602000E+03  2.281062E-14
  3.604000E+03  2.229568E-14
  3.606000E+03  2.247059E-14
  3.608000E+03  2.221966E-14
  3.610000E+03  2.241144E-14
  3.612000E+03  2.210177E-14
  3.614000E+03  2.247850E-14
  3.616000E+03  2.206081E-14
  3.618000E+03  2.235263E-14
  3.620000E+03  2.231645E-14
  3.622000E+03  2.247216E-14
  3.624000E+03  2.210357E-14
  3.626000E+03  2.244705E-14
  3.628000E+03  2.203685E-14
  3.630000E+03  2.192551E-14
  3.632000E+03  2.234950E-14
  3.634000E+03  2.265521E-14
  3.636000E+03  2.205430E-14
  3.638000E+03  2.237182E-14
  3.640000E+03  2.213723E-14
  3.642000E+03  2.179021E-14
  3.644000E+03  2.178166E-14
  3.646000E+03  2.212545E-14
  3.648000E+03  2.186886E-14
  3.650000E+03  2.215567E-14
  3.652000E+03  2.211182E-14
  3.654000E+03  2.166428E-14
  3.656000E+03  2.225735E-14
  3.658000E+03  2.154844E-14
  3.660000E+03  2.179922E-14
  3.662000E+03  2.170850E-14
  3.664000E+03  2.172965E-14
  3.666000E+03  2.189670E-14
  3.668000E+03  2.144727E-14
  3.670000E+03  2.157416E-14
  3.672000E+03  2.175041E-14
  3.674000E+03  2.153728E-14
  3.676000E+03  2.154717E-14
  3.678000E+03  2.130664E-14
  3.680000E+03  2.134005E-14
  3.682000E+03  2.158374E-14
  3.684000E+03  2.128042E-14
  3.686000E+03  2.164447E-14
  3.688000E+03  2.146934E-14
  3.690000E+03  2.153471E-14
  3.692000E+03  2.158860E-14
  3.694000E+03  2.149369E-14
  3.696000E+03  2.130943E-14
  3.698000E+03  2.111420E-14
  3.700000E+03  2.148957E-14
  3.702000E+03  2.167670E-14
  3.704000E+03  2.141932E-14
  3.706000E+03  2.144878E-14
  3.708000E+03  2.143485E-14
  3.710000E+03  2.148404E-14
  3.712000E+03  2.135543E-14
  3.714000E+03  2.141191E-14
  3.716000E+03  2.126916E-14
  3.718000E+03  2.121275E-14
  3.720000E+03  2.056537E-14
  3.722000E+03  2.116046E-14
  3.724000E+03  2.155634E-14
  3.726000E+03  2.045721E-14
  3.728000E+03  2.095770E-14
  3.730000E+03  2.106936E-14
  3.732000E+03  2.125263E-14
  3.734000E+03  2.115603E-14
  3.736000E+03  2.081443E-14
  3.738000E+03  2.064336E-14
  3.740000E+03  2.099465E-14
  3.742000E+03  2.096082E-14
  3.744000E+03  2.069581E-14
  3.746000E+03  2.039173E-14
  3.748000E+03  2.086836E-14
  3.750000E+03  2.084693E-14
  3.752000E+03  2.028738E-14
  3.754000E+03  2.084516E-14
  3.756000E+03  2.060888E-14
  3.758000E+03  2.042081E-14
  3.760000E+03  2.031036E-14
  3.762000E+03  2.040022E-14
  3.764000E+03  2.050755E-14
  3.766000E+03  2.035451E-14
  3.768000E+03  2.014996E-14
  3.770000E+03  2.030739E-14
  3.772000E+03  2.031425E-14
  3.774000E+03  2.023935E-14
  3.776000E+03  2.015566E-14
  3.778000E+03  2.013876E-14
  3.780000E+03  2.020590E-14
  3.782000E+03  2.006713E-14
  3.784000E+03  2.021760E-14
  3.786000E+03  2.042751E-14
  3.788000E+03  2.033041E-14
  3.790000E+03  2.025278E-14
  3.792000E+03  2.028990E-14
  3.794000E+03  2.033939E-14
  3.796000E+03  2.032191E-14
  3.798000E+03  2.045135E-14
  3.800000E+03  2.031330E-14
  3.802000E+03  2.038941E-14
  3.804000E+03  2.028033E-14
  3.806000E+03  2.016643E-14
  3.808000E+03  2.044511E-14
  3.810000E+03  2.026745E-14
  3.812000E+03  2.016465E-14
  3.814000E+03  2.019893E-14
  3.816000E+03  2.034168E-14
  3.818000E+03  2.062034E-14
  3.820000E+03  2.051748E-14
  3.822000E+03  2.072542E-14
  3.824000E+03  2.055291E-14
  3.826000E+03  2.070278E-14
  3.828000E+03  2.067171E-14
  3.830000E+03  2.067292E-14
  3.832000E+03  2.048160E-14
  3.834000E+03  2.100169E-14
  3.836000E+03  2.070086E-14
  3.838000E+03  2.074768E-14
  3.840000E+03  2.080890E-14
  3.842000E+03  2.095849E-14
  3.844000E+03  2.069235E-14
  3.846000E+03  2.065316E-14
  3.848000E+03  2.066113E-14
  3.850000E+03  2.070429E-14
  3.852000E+03  2.070614E-14
  3.854000E+03  2.096601E-14
  3.856000E+03  2.109989E-14
  3.858000E+03  2.069647E-14
  3.860000E+03  2.082643E-14
  3.862000E+03  2.102660E-14
  3.864000E+03  2.097243E-14
  3.866000E+03  2.111276E-14
  3.868000E+03  2.122113E-14
  3.870000E+03  2.097306E-14
  3.872000E+03  2.091822E-14
  3.874000E+03  2.108113E-14
  3.876000E+03  2.077594E-14
  3.878000E+03  2.082130E-14
  3.880000E+03  2.055060E-14
  3.882000E+03  2.055615E-14
  3.884000E+03  2.047542E-14
  3.886000E+03  2.070521E-14
  3.888000E+03  2.078173E-14
  3.890000E+03  2.070464E-14
  3.892000E+03  2.065292E-14
  3.894000E+03  2.053587E-14
  3.896000E+03  2.068500E-14
  3.898000E+03  2.083320E-14
  3.900000E+03  2.061877E-14
  3.902000E+03  2.055512E-14
  3.904000E+03  2.039438E-14
  3.906000E+03  2.042832E-14
  3.908000E+03  2.045024E-14
  3.910000E+03  2.032500E-14
  3.912000E+03  2.038637E-14
  3.914000E+03  2.044345E-14
  3.916000E+03  2.049566E-14
  3.918000E+03  2.021917E-14
  3.920000E+03  2.017774E-14
  3.922000E+03  2.003106E-14
  3.924000E+03  2.029875E-14
  3.926000E+03  2.043675E-14
  3.928000E+03  2.021965E-14
  3.930000E+03  2.020435E-14
  3.932000E+03  2.037571E-14
  3.934000E+03  2.021371E-14
  3.936000E+03  2.022973E-14
  3.938000E+03  2.021288E-14
  3.940000E+03  2.009629E-14
  3.942000E+03  2.025055E-14
  3.944000E+03  1.996598E-14
  3.946000E+03  1.983615E-14
  3.948000E+03  2.007429E-14
  3.950000E+03  2.006060E-14
  3.952000E+03  1.993524E-14
  3.954000E+03  1.993744E-14
  3.956000E+03  1.992507E-14
  3.958000E+03  1.985741E-14
  3.960000E+03  1.978173E-14
  3.962000E+03  2.003050E-14
  3.964000E+03  1.966669E-14
  3.966000E+03  2.000115E-14
  3.968000E+03  1.971717E-14
  3.970000E+03  1.970509E-14
  3.972000E+03  1.980729E-14
  3.974000E+03  1.998339E-14
  3.976000E+03  1.974859E-14
  3.978000E+03  1.976735E-14
  3.980000E+03  1.995007E-14
  3.982000E+03  1.999305E-14
  3.984000E+03  1.971121E-14
  3.986000E+03  2.000693E-14
  3.988000E+03  1.985127E-14
  3.990000E+03  1.986700E-14
  3.992000E+03  2.021619E-14
  3.994000E+03  2.011609E-14
  3.996000E+03  2.026432E-14
  3.998000E+03  2.022378E-14
  4.000000E+03  1.997482E-14
  4.002000E+03  2.009882E-14
  4.004000E+03  2.039607E-14
  4.006000E+03  2.019431E-14
  4.008000E+03  2.040883E-14
  4.010000E+03  2.016025E-14
  4.012000E+03  2.021339E-14
  4.014000E+03  2.009148E-14
  4.016000E+03  2.035254E-14
  4.018000E+03  2.025357E-14
  4.020000E+03  2.015706E-14
  4.022000E+03  2.041438E-14
  4.024000E+03  2.037683E-14
  4.026000E+03  2.019970E-14
  4.028000E+03  2.014978E-14
  4.030000E+03  2.023495E-14
  4.032000E+03  2.013903E-14
  4.034000E+03  2.016847E-14
  4.036000E+03  2.033083E-14
  4.038000E+03  2.010067E-14
  4.040000E+03  2.018792E-14
  4.042000E+03  1.994604E-14
  4.044000E+03  1.997088E-14
  4.046000E+03  1.999404E-14
  4.048000E+03  1.985460E-14
  4.050000E+03  2.002726E-14
  4.052000E+03  2.024722E-14
  4.054000E+03  2.001672E-14
  4.056000E+03  1.996079E-14
  4.058000E+03  1.986548E-14
  4.060000E+03  2.005769E-14
  4.062000E+03  1.986748E-14
  4.064000E+03  1.995003E-14
  4.066000E+03  2.003300E-14
  4.068000E+03  1.982449E-14
  4.070000E+03  1.976279E-14
  4.072000E+03  1.987962E-14
  4.074000E+03  1.988899E-14
  4.076000E+03  1.971223E-14
  4.078000E+03  1.965902E-14
  4.080000E+03  1.974009E-14
  4.082000E+03  1.930501E-14
  4.084000E+03  1.928992E-14
  4.086000E+03  1.942218E-14
  4.088000E+03  1.954097E-14
  4.090000E+03  1.928053E-14
  4.092000E+03  1.938895E-14
  4.094000E+03  1.938515E-14
  4.096000E+03  1.923073E-14
  4.098000E+03  1.915719E-14
  4.100000E+03  1.947375E-14
  4.102000E+03  1.918915E-14
  4.104000E+03  1.910542E-14
  4.106000E+03  1.939720E-14
  4.108000E+03  1.922343E-14
  4.110000E+03  1.920736E-14
  4.112000E+03  1.922308E-14
  4.114000E+03  1.918596E-14
  4.116000E+03  1.916521E-14
  4.118000E+03  1.930424E-14
  4.120000E+03  1.930767E-14
  4.122000E+03  1.924391E-14
  4.124000E+03  1.895235E-14
  4.126000E+03  1.933512E-14
  4.128000E+03  1.914121E-14
  4.130000E+03  1.940066E-14
  4.132000E+03  1.917489E-14
  4.134000E+03  1.919546E-14
  4.136000E+03  1.912640E-14
  4.138000E+03  1.881021E-14
  4.140000E+03  1.916599E-14
  4.142000E+03  1.927008E-14
  4.144000E+03  1.919537E-14
  4.146000E+03  1.920155E-14
  4.148000E+03  1.913082E-14
  4.150000E+03  1.945646E-14
  4.152000E+03  1.932913E-14
  4.154000E+03  1.912454E-14
  4.156000E+03  1.910165E-14
  4.158000E+03  1.934201E-14
  4.160000E+03  1.917858E-14
  4.162000E+03  1.934293E-14
  4.164000E+03  1.915826E-14
  4.166000E+03  1.897039E-14
  4.168000E+03  1.891725E-14
  4.170000E+03  1.937785E-14
  4.172000E+03  1.898429E-14
  4.174000E+03  1.914324E-14
  4.176000E+03  1.912035E-14
  4.178000E+03  1.915416E-14
  4.180000E+03  1.906004E-14
  4.182000E+03  1.909052E-14
  4.184000E+03  1.921840E-14
  4.186000E+03  1.899922E-14
  4.188000E+03  1.907666E-14
  4.190000E+03  1.924923E-14
  4.192000E+03  1.902759E-14
  4.194000E+03  1.897432E-14
  4.196000E+03  1.896739E-14
  4.198000E+03  1.902649E-14
  4.200000E+03  1.897031E-14
  4.202000E+03  1.907894E-14
  4.204000E+03  1.924468E-14
  4.206000E+03  1.908230E-14
  4.208000E+03  1.905050E-14
  4.210000E+03  1.912871E-14
  4.212000E+03  1.901045E-14
  4.214000E+03  1.912632E-14
  4.216000E+03  1.894072E-14
  4.218000E+03  1.911304E-14
  4.220000E+03  1.917143E-14
  4.222000E+03  1.899447E-14
  4.224000E+03  1.899003E-14
  4.226000E+03  1.945043E-14
  4.228000E+03  1.906187E-14
  4.230000E+03  1.901347E-14
  4.232000E+03  1.911004E-14
  4.234000E+03  1.908175E-14
  4.236000E+03  1.962112E-14
  4.238000E+03  1.890763E-14
  4.240000E+03  1.916063E-14
  4.242000E+03  1.894557E-14
  4.244000E+03  1.920594E-14
  4.246000E+03  1.907693E-14
  4.248000E+03  1.911633E-14
  4.250000E+03  1.905337E-14
  4.252000E+03  1.903592E-14
  4.254000E+03  1.917906E-14
  4.256000E+03  1.913160E-14
  4.258000E+03  1.910437E-14
  4.260000E+03  1.927678E-14
  4.262000E+03  1.886847E-14
  4.264000E+03  1.881161E-14
  4.266000E+03  1.904568E-14
  4.268000E+03  1.889804E-14
  4.270000E+03  1.899231E-14
  4.272000E+03  1.906183E-14
  4.274000E+03  1.889199E-14
  4.276000E+03  1.878001E-14
  4.278000E+03  1.876890E-14
  4.280000E+03  1.847735E-14
  4.282000E+03  1.873740E-14
  4.284000E+03  1.856654E-14
  4.286000E+03  1.883762E-14
  4.288000E+03  1.861248E-14
  4.290000E+03  1.861346E-14
  4.292000E+03  1.860477E-14
  4.294000E+03  1.858011E-14
  4.296000E+03  1.857480E-14
  4.298000E+03  1.845215E-14
  4.300000E+03  1.837459E-14
  4.302000E+03  1.832979E-14
  4.304000E+03  1.838404E-14
  4.306000E+03  1.827384E-14
  4.308000E+03  1.829633E-14
  4.310000E+03  1.826174E-14
  4.312000E+03  1.832663E-14
  4.314000E+03  1.822541E-14
  4.316000E+03  1.850245E-14
  4.318000E+03  1.826270E-14
  4.320000E+03  1.819416E-14
  4.322000E+03  1.827404E-14
  4.324000E+03  1.852164E-14
  4.326000E+03  1.820255E-14
  4.328000E+03  1.828869E-14
  4.330000E+03  1.815166E-14
  4.332000E+03  1.813010E-14
  4.334000E+03  1.829695E-14
  4.336000E+03  1.807928E-14
  4.338000E+03  1.814715E-14
  4.340000E+03  1.829234E-14
  4.342000E+03  1.807571E-14
  4.344000E+03  1.813202E-14
  4.346000E+03  1.809636E-14
  4.348000E+03  1.807103E-14
  4.350000E+03  1.796746E-14
  4.352000E+03  1.790102E-14
  4.354000E+03  1.792110E-14
  4.356000E+03  1.800801E-14
  4.358000E+03  1.797002E-14
  4.360000E+03  1.792845E-14
  4.362000E+03  1.783091E-14
  4.364000E+03  1.782934E-14
  4.366000E+03  1.794721E-14
  4.368000E+03  1.773259E-14
  4.370000E+03  1.786733E-14
  4.372000E+03  1.799901E-14
  4.374000E+03  1.795792E-14
  4.376000E+03  1.800814E-14
  4.378000E+03  1.800920E-14
  4.380000E+03  1.780104E-14
  4.382000E+03  1.796430E-14
  4.384000E+03  1.811294E-14
  4.386000E+03  1.800310E-14
  4.388000E+03  1.784574E-14
  4.390000E+03  1.791297E-14
  4.392000E+03  1.795976E-14
  4.394000E+03  1.786665E-14
  4.396000E+03  1.781506E-14
  4.398000E+03  1.802645E-14
  4.400000E+03  1.800571E-14
  4.402000E+03  1.778023E-14
  4.404000E+03  1.786093E-14
  4.406000E+03  1.790103E-14
  4.408000E+03  1.778407E-14
  4.410000E+03  1.786981E-14
  4.412000E+03  1.795838E-14
  4.414000E+03  1.784470E-14
  4.416000E+03  1.776672E-14
  4.418000E+03  1.800535E-14
  4.420000E+03  1.788613E-14
  4.422000E+03  1.783962E-14
  4.424000E+03  1.806662E-14
  4.426000E+03  1.766825E-14
  4.428000E+03  1.786227E-14
  4.430000E+03  1.761449E-14
  4.432000E+03  1.759819E-14
  4.434000E+03  1.796419E-14
  4.436000E+03  1.789040E-14
  4.438000E+03  1.792696E-14
  4.440000E+03  1.782061E-14
  4.442000E+03  1.789262E-14
  4.444000E+03  1.782612E-14
  4.446000E+03  1.769346E-14
  4.448000E+03  1.764546E-14
  4.450000E+03  1.777545E-14
  4.452000E+03  1.776842E-14
  4.454000E+03  1.758008E-14
  4.456000E+03  1.773865E-14
  4.458000E+03  1.757030E-14
  4.460000E+03  1.764614E-14
  4.462000E+03  1.765672E-14
  4.464000E+03  1.760365E-14
  4.466000E+03  1.756923E-14
  4.468000E+03  1.743398E-14
  4.470000E+03  1.751504E-14
  4.472000E+03  1.735118E-14
  4.474000E+03  1.735720E-14
  4.476000E+03  1.741788E-14
  4.478000E+03  1.725492E-14
  4.480000E+03  1.708768E-14
  4.482000E+03  1.683281E-14
  4.484000E+03  1.706793E-14
  4.486000E+03  1.730914E-14
  4.488000E+03  1.733831E-14
  4.490000E+03  1.737313E-14
  4.492000E+03  1.733535E-14
  4.494000E+03  1.719790E-14
  4.496000E+03  1.725866E-14
  4.498000E+03  1.741190E-14
  4.500000E+03  1.704083E-14
  4.502000E+03  1.720557E-14
  4.504000E+03  1.717086E-14
  4.506000E+03  1.716591E-14
  4.508000E+03  1.719195E-14
  4.510000E+03  1.733662E-14
  4.512000E+03  1.713298E-14
  4.514000E+03  1.715121E-14
  4.516000E+03  1.724224E-14
  4.518000E+03  1.733681E-14
  4.520000E+03  1.709877E-14
  4.522000E+03  1.729242E-14
  4.524000E+03  1.731645E-14
  4.526000E+03  1.722657E-14
  4.528000E+03  1.718152E-14
  4.530000E+03  1.733040E-14
  4.532000E+03  1.727006E-14
  4.534000E+03  1.714401E-14
  4.536000E+03  1.712345E-14
  4.538000E+03  1.736158E-14
  4.540000E+03  1.711408E-14
  4.542000E+03  1.720192E-14
  4.544000E+03  1.732661E-14
  4.546000E+03  1.733113E-14
  4.548000E+03  1.700948E-14
  4.550000E+03  1.713586E-14
  4.552000E+03  1.685975E-14
  4.554000E+03  1.718383E-14
  4.556000E+03  1.707618E-14
  4.558000E+03  1.712178E-14
  4.560000E+03  1.704563E-14
  4.562000E+03  1.732022E-14
  4.564000E+03  1.732147E-14
  4.566000E+03  1.746098E-14
  4.568000E+03  1.744586E-14
  4.570000E+03  1.733815E-14
  4.572000E+03  1.714687E-14
  4.574000E+03  1.657709E-14
  4.576000E+03  1.706989E-14
  4.578000E+03  1.707119E-14
  4.580000E+03  1.683800E-14
  4.582000E+03  1.665331E-14
  4.584000E+03  1.650274E-14
  4.586000E+03  1.596399E-14
  4.588000E+03  1.648625E-14
  4.590000E+03  1.686538E-14
  4.592000E+03  1.679212E-14
  4.594000E+03  1.669575E-14
  4.596000E+03  1.656550E-14
  4.598000E+03  1.663630E-14
  4.600000E+03  1.654743E-14
  4.602000E+03  1.693372E-14
  4.604000E+03  1.661756E-14
  4.606000E+03  1.678339E-14
  4.608000E+03  1.666393E-14
  4.610000E+03  1.668403E-14
  4.612000E+03  1.640304E-14
  4.614000E+03  1.631017E-14
  4.616000E+03  1.620241E-14
  4.618000E+03  1.603465E-14
  4.620000E+03  1.661609E-14
  4.622000E+03  1.598366E-14
  4.624000E+03  1.632728E-14
  4.626000E+03  1.609583E-14
  4.628000E+03  1.664848E-14
  4.630000E+03  1.584354E-14
  4.632000E+03  1.613589E-14
  4.634000E+03  1.602153E-14
  4.636000E+03  1.608837E-14
  4.638000E+03  1.616018E-14
  4.640000E+03  1.642210E-14
  4.642000E+03  1.670786E-14
  4.644000E+03  1.667177E-14
  4.646000E+03  1.637745E-14
  4.648000E+03  1.638622E-14
  4.650000E+03  1.614953E-14
  4.652000E+03  1.646810E-14
  4.654000E+03  1.653474E-14
  4.656000E+03  1.659035E-14
  4.658000E+03  1.677437E-14
  4.660000E+03  1.621453E-14
  4.662000E+03  1.631661E-14
  4.664000E+03  1.628248E-14
  4.666000E+03  1.637486E-14
  4.668000E+03  1.657449E-14
  4.670000E+03  1.688271E-14
  4.672000E+03  1.607249E-14
  4.674000E+03  1.614638E-14
  4.676000E+03  1.634328E-14
  4.678000E+03  1.628705E-14
  4.680000E+03  1.634652E-14
  4.682000E+03  1.668269E-14
  4.684000E+03  1.629650E-14
  4.686000E+03  1.639469E-14
  4.688000E+03  1.681401E-14
  4.690000E+03  1.622135E-14
  4.692000E+03  1.625415E-14
  4.694000E+03  1.641239E-14
  4.696000E+03  1.618585E-14
  4.698000E+03  1.578280E-14
  4.700000E+03  1.609998E-14
  4.702000E+03  1.620622E-14
  4.704000E+03  1.635996E-14
  4.706000E+03  1.585041E-14
  4.708000E+03  1.576914E-14
  4.710000E+03  1.590073E-14
  4.712000E+03  1.604579E-14
  4.714000E+03  1.573070E-14
  4.716000E+03  1.593302E-14
  4.718000E+03  1.574022E-14
  4.720000E+03  1.581512E-14
  4.722000E+03  1.580829E-14
  4.724000E+03  1.581567E-14
  4.726000E+03  1.562314E-14
  4.728000E+03  1.580294E-14
  4.730000E+03  1.588333E-14
  4.732000E+03  1.600802E-14
  4.734000E+03  1.586919E-14
  4.736000E+03  1.523661E-14
  4.738000E+03  1.553962E-14
  4.740000E+03  1.554167E-14
  4.742000E+03  1.572583E-14
  4.744000E+03  1.547504E-14
  4.746000E+03  1.568044E-14
  4.748000E+03  1.605402E-14
  4.750000E+03  1.612291E-14
  4.752000E+03  1.585327E-14
  4.754000E+03  1.596258E-14
  4.756000E+03  1.627080E-14
  4.758000E+03  1.556153E-14
  4.760000E+03  1.541858E-14
  4.762000E+03  1.572337E-14
  4.764000E+03  1.535754E-14
  4.766000E+03  1.567694E-14
  4.768000E+03  1.596232E-14
  4.770000E+03  1.586444E-14
  4.772000E+03  1.532804E-14
  4.774000E+03  1.540850E-14
  4.776000E+03  1.541847E-14
  4.778000E+03  1.553090E-14
  4.780000E+03  1.563255E-14
  4.782000E+03  1.593157E-14
  4.784000E+03  1.559918E-14
  4.786000E+03  1.616285E-14
  4.788000E+03  1.583005E-14
  4.790000E+03  1.555399E-14
  4.792000E+03  1.506478E-14
  4.794000E+03  1.569388E-14
  4.796000E+03  1.571340E-14
  4.798000E+03  1.517350E-14
  4.800000E+03  1.548405E-14
  4.802000E+03  1.583885E-14
  4.804000E+03  1.560300E-14
  4.806000E+03  1.521341E-14
  4.808000E+03  1.559165E-14
  4.810000E+03  1.537676E-14
  4.812000E+03  1.529474E-14
  4.814000E+03  1.535878E-14
  4.816000E+03  1.523546E-14
  4.818000E+03  1.521290E-14
  4.820000E+03  1.479372E-14
  4.822000E+03  1.485973E-14
  4.824000E+03  1.461873E-14
  4.826000E+03  1.449066E-14
  4.828000E+03  1.473124E-14
  4.830000E+03  1.456464E-14
  4.832000E+03  1.473699E-14
  4.834000E+03  1.443512E-14
  4.836000E+03  1.437429E-14
  4.838000E+03  1.385853E-14
  4.840000E+03  1.381201E-14
  4.842000E+03  1.324178E-14
  4.844000E+03  1.300146E-14
  4.846000E+03  1.254767E-14
  4.848000E+03  1.170690E-14
  4.850000E+03  1.116661E-14
  4.852000E+03  1.032455E-14
  4.854000E+03  9.750660E-15
  4.856000E+03  8.488663E-15
  4.858000E+03  7.688797E-15
  4.860000E+03  6.713322E-15
  4.862000E+03  6.362188E-15
  4.864000E+03  7.124978E-15
  4.866000E+03  8.224296E-15
  4.868000E+03  9.174172E-15
  4.870000E+03  1.022302E-14
  4.872000E+03  1.087945E-14
  4.874000E+03  1.152607E-14
  4.876000E+03  1.196782E-14
  4.878000E+03  1.233035E-14
  4.880000E+03  1.272679E-14
  4.882000E+03  1.327395E-14
  4.884000E+03  1.363737E-14
  4.886000E+03  1.345307E-14
  4.888000E+03  1.380405E-14
  4.890000E+03  1.383173E-14
  4.892000E+03  1.390956E-14
  4.894000E+03  1.422992E-14
  4.896000E+03  1.443835E-14
  4.898000E+03  1.457980E-14
  4.900000E+03  1.469380E-14
  4.902000E+03  1.440917E-14
  4.904000E+03  1.455705E-14
  4.906000E+03  1.491596E-14
  4.908000E+03  1.448688E-14
  4.910000E+03  1.504397E-14
  4.912000E+03  1.492425E-14
  4.914000E+03  1.510874E-14
  4.916000E+03  1.495481E-14
  4.918000E+03  1.473120E-14
  4.920000E+03  1.456491E-14
  4.922000E+03  1.477710E-14
  4.924000E+03  1.466125E-14
  4.926000E+03  1.469846E-14
  4.928000E+03  1.471952E-14
  4.930000E+03  1.486295E-14
  4.932000E+03  1.495305E-14
  4.934000E+03  1.431278E-14
  4.936000E+03  1.453644E-14
  4.938000E+03  1.472454E-14
  4.940000E+03  1.466918E-14
  4.942000E+03  1.470300E-14
  4.944000E+03  1.439859E-14
  4.946000E+03  1.466023E-14
  4.948000E+03  1.484863E-14
  4.950000E+03  1.441276E-14
  4.952000E+03  1.488862E-14
  4.954000E+03  1.445520E-14
  4.956000E+03  1.466008E-14
  4.958000E+03  1.451747E-14
  4.960000E+03  1.489225E-14
  4.962000E+03  1.447770E-14
  4.964000E+03  1.439485E-14
  4.966000E+03  1.436726E-14
  4.968000E+03  1.478434E-14
  4.970000E+03  1.457881E-14
  4.972000E+03  1.430561E-14
  4.974000E+03  1.455908E-14
  4.976000E+03  1.480062E-14
  4.978000E+03  1.461779E-14
  4.980000E+03  1.450247E-14
  4.982000E+03  1.473515E-14
  4.984000E+03  1.461325E-14
  4.986000E+03  1.406106E-14
  4.988000E+03  1.435374E-14
  4.990000E+03  1.429313E-14
  4.992000E+03  1.470275E-14
  4.994000E+03  1.456117E-14
  4.996000E+03  1.444968E-14
  4.998000E+03  1.438320E-14
  5.000000E+03  1.433785E-14
  5.002000E+03  1.467689E-14
  5.004000E+03  1.426023E-14
  5.006000E+03  1.428837E-14
  5.008000E+03  1.437310E-14
  5.010000E+03  1.419021E-14
  5.012000E+03  1.440775E-14
  5.014000E+03  1.420954E-14
  5.016000E+03  1.413552E-14
  5.018000E+03  1.449079E-14
  5.020000E+03  1.431677E-14
  5.022000E+03  1.432335E-14
  5.024000E+03  1.444555E-14
  5.026000E+03  1.444831E-14
  5.028000E+03  1.453159E-14
  5.030000E+03  1.441674E-14
  5.032000E+03  1.455009E-14
  5.034000E+03  1.433833E-14
  5.036000E+03  1.428458E-14
  5.038000E+03  1.414078E-14
  5.040000E+03  1.394756E-14
  5.042000E+03  1.453660E-14
  5.044000E+03  1.414526E-14
  5.046000E+03  1.453664E-14
  5.048000E+03  1.463637E-14
  5.050000E+03  1.450674E-14
  5.052000E+03  1.442506E-14
  5.054000E+03  1.425262E-14
  5.056000E+03  1.448298E-14
  5.058000E+03  1.387292E-14
  5.060000E+03  1.405098E-14
  5.062000E+03  1.446905E-14
  5.064000E+03  1.459085E-14
  5.066000E+03  1.432762E-14
  5.068000E+03  1.429085E-14
  5.070000E+03  1.430789E-14
  5.072000E+03  1.441086E-14
  5.074000E+03  1.427373E-14
  5.076000E+03  1.454641E-14
  5.078000E+03  1.423625E-14
  5.080000E+03  1.422253E-14
  5.082000E+03  1.414301E-14
  5.084000E+03  1.431141E-14
  5.086000E+03  1.423102E-14
  5.088000E+03  1.394621E-14
  5.090000E+03  1.408381E-14
  5.092000E+03  1.414004E-14
  5.094000E+03  1.422904E-14
  5.096000E+03  1.417734E-14
  5.098000E+03  1.374661E-14
  5.100000E+03  1.388592E-14
  5.102000E+03  1.419034E-14
  5.104000E+03  1.401942E-14
  5.106000E+03  1.391122E-14
  5.108000E+03  1.388536E-14
  5.110000E+03  1.389449E-14
  5.112000E+03  1.387458E-14
  5.114000E+03  1.363609E-14
  5.116000E+03  1.425334E-14
  5.118000E+03  1.407017E-14
  5.120000E+03  1.387508E-14
  5.122000E+03  1.416650E-14
  5.124000E+03  1.430015E-14
  5.126000E+03  1.387566E-14
  5.128000E+03  1.408694E-14
  5.130000E+03  1.396746E-14
  5.132000E+03  1.387245E-14
  5.134000E+03  1.400548E-14
  5.136000E+03  1.429454E-14
  5.138000E+03  1.379077E-14
  5.140000E+03  1.396377E-14
  5.142000E+03  1.404393E-14
  5.144000E+03  1.392523E-14
  5.146000E+03  1.394758E-14
  5.148000E+03  1.353346E-14
  5.150000E+03  1.399520E-14
  5.152000E+03  1.361671E-14
  5.154000E+03  1.396190E-14
  5.156000E+03  1.351638E-14
  5.158000E+03  1.382436E-14
  5.160000E+03  1.377008E-14
  5.162000E+03  1.402347E-14
  5.164000E+03  1.375099E-14
  5.166000E+03  1.349472E-14
  5.168000E+03  1.351002E-14
  5.170000E+03  1.352300E-14
  5.172000E+03  1.309736E-14
  5.174000E+03  1.353326E-14
  5.176000E+03  1.381938E-14
  5.178000E+03  1.375022E-14
  5.180000E+03  1.387509E-14
  5.182000E+03  1.355124E-14
  5.184000E+03  1.334269E-14
  5.186000E+03  1.361786E-14
  5.188000E+03  1.354049E-14
  5.190000E+03  1.383979E-14
  5.192000E+03  1.342779E-14
  5.194000E+03  1.356949E-14
  5.196000E+03  1.371446E-14
  5.198000E+03  1.367617E-14
  5.200000E+03  1.352834E-14
  5.202000E+03  1.387378E-14
  5.204000E+03  1.397128E-14
  5.206000E+03  1.359941E-14
  5.208000E+03  1.380345E-14
  5.210000E+03  1.353019E-14
  5.212000E+03  1.374860E-14
  5.214000E+03  1.370679E-14
  5.216000E+03  1.365370E-14
  5.218000E+03  1.349672E-14
  5.220000E+03  1.356931E-14
  5.222000E+03  1.400348E-14
  5.224000E+03  1.339777E-14
  5.226000E+03  1.339668E-14
  5.228000E+03  1.336760E-14
  5.230000E+03  1.343134E-14
  5.232000E+03  1.362925E-14
  5.234000E+03  1.345388E-14
  5.236000E+03  1.312796E-14
  5.238000E+03  1.321958E-14
  5.240000E+03  1.355328E-14
  5.242000E+03  1.330375E-14
  5.244000E+03  1.326306E-14
  5.246000E+03  1.341283E-14
  5.248000E+03  1.340423E-14
  5.250000E+03  1.327928E-14
  5.252000E+03  1.332659E-14
  5.254000E+03  1.345539E-14
  5.256000E+03  1.339111E-14
  5.258000E+03  1.312268E-14
  5.260000E+03  1.308865E-14
  5.262000E+03  1.338855E-14
  5.264000E+03  1.317550E-14
  5.266000E+03  1.312165E-14
  5.268000E+03  1.346367E-14
  5.270000E+03  1.314649E-14
  5.272000E+03  1.319676E-14
  5.274000E+03  1.313282E-14
  5.276000E+03  1.320245E-14
  5.278000E+03  1.325583E-14
  5.280000E+03  1.326752E-14
  5.282000E+03  1.325584E-14
  5.284000E+03  1.300376E-14
  5.286000E+03  1.338323E-14
  5.288000E+03  1.326911E-14
  5.290000E+03  1.337812E-14
  5.292000E+03  1.357427E-14
  5.294000E+03  1.325946E-14
  5.296000E+03  1.340351E-14
  5.298000E+03  1.320208E-14
  5.300000E+03  1.303447E-14
  5.302000E+03  1.322390E-14
  5.304000E+03  1.337583E-14
  5.306000E+03  1.298636E-14
  5.308000E+03  1.343001E-14
  5.310000E+03  1.303665E-14
  5.312000E+03  1.298336E-14
  5.314000E+03  1.297239E-14
  5.316000E+03  1.293760E-14
  5.318000E+03  1.300884E-14
  5.320000E+03  1.302642E-14
  5.322000E+03  1.305988E-14
  5.324000E+03  1.310475E-14
  5.326000E+03  1.314191E-14
  5.328000E+03  1.282564E-14
  5.330000E+03  1.274212E-14
  5.332000E+03  1.316709E-14
  5.334000E+03  1.308765E-14
  5.336000E+03  1.297610E-14
  5.338000E+03  1.310978E-14
  5.340000E+03  1.316049E-14
  5.342000E+03  1.307570E-14
  5.344000E+03  1.295791E-14
  5.346000E+03  1.305451E-14
  5.348000E+03  1.318449E-14
  5.350000E+03  1.304660E-14
  5.352000E+03  1.292221E-14
  5.354000E+03  1.317188E-14
  5.356000E+03  1.283547E-14
  5.358000E+03  1.275830E-14
  5.360000E+03  1.263061E-14
  5.362000E+03  1.280802E-14
  5.364000E+03  1.277788E-14
  5.366000E+03  1.266290E-14
  5.368000E+03  1.305138E-14
  5.370000E+03  1.267832E-14
  5.372000E+03  1.279057E-14
  5.374000E+03  1.294024E-14
  5.376000E+03  1.288113E-14
  5.378000E+03  1.305289E-14
  5.380000E+03  1.297373E-14
  5.382000E+03  1.275036E-14
  5.384000E+03  1.267906E-14
  5.386000E+03  1.273851E-14
  5.388000E+03  1.270142E-14
  5.390000E+03  1.277239E-14
  5.392000E+03  1.245439E-14
  5.394000E+03  1.263124E-14
  5.396000E+03  1.255363E-14
  5.398000E+03  1.261828E-14
  5.400000E+03  1.239139E-14
  5.402000E+03  1.243183E-14
  5.404000E+03  1.236845E-14
  5.406000E+03  1.244159E-14
  5.408000E+03  1.273066E-14
  5.410000E+03  1.250126E-14
  5.412000E+03  1.270167E-14
  5.414000E+03  1.260951E-14
  5.416000E+03  1.248588E-14
  5.418000E+03  1.254250E-14
  5.420000E+03  1.282737E-14
  5.422000E+03  1.249519E-14
  5.424000E+03  1.240459E-14
  5.426000E+03  1.251657E-14
  5.428000E+03  1.245135E-14
  5.430000E+03  1.283178E-14
  5.432000E+03  1.259960E-14
  5.434000E+03  1.231919E-14
  5.436000E+03  1.273085E-14
  5.438000E+03  1.255863E-14
  5.440000E+03  1.254344E-14
  5.442000E+03  1.276883E-14
  5.444000E+03  1.267667E-14
  5.446000E+03  1.226695E-14
  5.448000E+03  1.229884E-14
  5.450000E+03  1.255525E-14
  5.452000E+03  1.257443E-14
  5.454000E+03  1.238190E-14
  5.456000E+03  1.240103E-14
  5.458000E+03  1.264795E-14
  5.460000E+03  1.251501E-14
  5.462000E+03  1.242492E-14
  5.464000E+03  1.251223E-14
  5.466000E+03  1.266892E-14
  5.468000E+03  1.256616E-14
  5.470000E+03  1.230518E-14
  5.472000E+03  1.248359E-14
  5.474000E+03  1.264529E-14
  5.476000E+03  1.251599E-14
  5.478000E+03  1.233137E-14
  5.480000E+03  1.244025E-14
  5.482000E+03  1.244256E-14
  5.484000E+03  1.242669E-14
  5.486000E+03  1.255567E-14
  5.488000E+03  1.232145E-14
  5.490000E+03  1.260926E-14
  5.492000E+03  1.254291E-14
  5.494000E+03  1.245106E-14
  5.496000E+03  1.222597E-14
  5.498000E+03  1.259633E-14
  5.500000E+03  1.223192E-14
  5.502000E+03  1.216470E-14
  5.504000E+03  1.237525E-14
  5.506000E+03  1.234649E-14
  5.508000E+03  1.230681E-14
  5.510000E+03  1.216112E-14
  5.512000E+03  1.224469E-14
  5.514000E+03  1.237554E-14
  5.516000E+03  1.212896E-14
  5.518000E+03  1.207103E-14
  5.520000E+03  1.228899E-14
  5.522000E+03  1.223623E-14
  5.524000E+03  1.227561E-14
  5.526000E+03  1.215024E-14
  5.528000E+03  1.220162E-14
  5.530000E+03  1.199097E-14
  5.532000E+03  1.188346E-14
  5.534000E+03  1.199093E-14
  5.536000E+03  1.205753E-14
  5.538000E+03  1.195697E-14
  5.540000E+03  1.177704E-14
  5.542000E+03  1.219676E-14
  5.544000E+03  1.189665E-14
  5.546000E+03  1.173652E-14
  5.548000E+03  1.195547E-14
  5.550000E+03  1.183329E-14
  5.552000E+03  1.138978E-14
  5.554000E+03  1.082007E-14
  5.556000E+03  1.114862E-14
  5.558000E+03  1.143058E-14
  5.560000E+03  1.160819E-14
  5.562000E+03  1.181218E-14
  5.564000E+03  1.164632E-14
  5.566000E+03  1.161650E-14
  5.568000E+03  1.179629E-14
  5.570000E+03  1.159335E-14
  5.572000E+03  1.154508E-14
  5.574000E+03  1.148292E-14
  5.576000E+03  1.183972E-14
  5.578000E+03  1.171408E-14
  5.580000E+03  1.168002E-14
  5.582000E+03  1.168237E-14
  5.584000E+03  1.160719E-14
  5.586000E+03  1.126194E-14
  5.588000E+03  1.129242E-14
  5.590000E+03  1.121279E-14
  5.592000E+03  1.164240E-14
  5.594000E+03  1.133398E-14
  5.596000E+03  1.128125E-14
  5.598000E+03  1.133716E-14
  5.600000E+03  1.132684E-14
  5.602000E+03  1.141450E-14
  5.604000E+03  1.129897E-14
  5.606000E+03  1.130504E-14
  5.608000E+03  1.127425E-14
  5.610000E+03  1.128986E-14
  5.612000E+03  1.140065E-14
  5.614000E+03  1.124508E-14
  5.616000E+03  1.113595E-14
  5.618000E+03  1.140994E-14
  5.620000E+03  1.113947E-14
  5.622000E+03  1.098703E-14
  5.624000E+03  1.113859E-14
  5.626000E+03  1.111707E-14
  5.628000E+03  1.128418E-14
  5.630000E+03  1.137697E-14
  5.632000E+03  1.104633E-14
  5.634000E+03  1.098697E-14
  5.636000E+03  1.105989E-14
  5.638000E+03  1.116920E-14
  5.640000E+03  1.106375E-14
  5.642000E+03  1.133661E-14
  5.644000E+03  1.116689E-14
  5.646000E+03  1.124901E-14
  5.648000E+03  1.089485E-14
  5.650000E+03  1.117655E-14
  5.652000E+03  1.122535E-14
  5.654000E+03  1.117921E-14
  5.656000E+03  1.122052E-14
  5.658000E+03  1.107364E-14
  5.660000E+03  1.108050E-14
  5.662000E+03  1.115722E-14
  5.664000E+03  1.111524E-14
  5.666000E+03  1.101298E-14
  5.668000E+03  1.129459E-14
  5.670000E+03  1.109254E-14
  5.672000E+03  1.101565E-14
  5.674000E+03  1.101920E-14
  5.676000E+03  1.116089E-14
  5.678000E+03  1.100573E-14
  5.680000E+03  1.126982E-14
  5.682000E+03  1.108183E-14
  5.684000E+03  1.099399E-14
  5.686000E+03  1.087338E-14
  5.688000E+03  1.110985E-14
  5.690000E+03  1.111592E-14
  5.692000E+03  1.115835E-14
  5.694000E+03  1.110921E-14
  5.696000E+03  1.109569E-14
  5.698000E+03  1.094286E-14
  5.700000E+03  1.088089E-14
  5.702000E+03  1.089202E-14
  5.704000E+03  1.085880E-14
  5.706000E+03  1.090918E-14
  5.708000E+03  1.112831E-14
  5.710000E+03  1.104535E-14
  5.712000E+03  1.087489E-14
  5.714000E+03  1.078853E-14
  5.716000E+03  1.086105E-14
  5.718000E+03  1.077113E-14
  5.720000E+03  1.105363E-14
  5.722000E+03  1.079034E-14
  5.724000E+03  1.087906E-14
  5.726000E+03  1.083127E-14
  5.728000E+03  1.084102E-14
  5.730000E+03  1.091125E-14
  5.732000E+03  1.095132E-14
  5.734000E+03  1.104220E-14
  5.736000E+03  1.094209E-14
  5.738000E+03  1.083595E-14
  5.740000E+03  1.110400E-14
  5.742000E+03  1.086716E-14
  5.744000E+03  1.087530E-14
  5.746000E+03  1.074568E-14
  5.748000E+03  1.068062E-14
  5.750000E+03  1.111836E-14
  5.752000E+03  1.096019E-14
  5.754000E+03  1.077745E-14
  5.756000E+03  1.091722E-14
  5.758000E+03  1.100428E-14
  5.760000E+03  1.074981E-14
  5.762000E+03  1.080674E-14
  5.764000E+03  1.095808E-14
  5.766000E+03  1.094284E-14
  5.768000E+03  1.065326E-14
  5.770000E+03  1.088618E-14
  5.772000E+03  1.046726E-14
  5.774000E+03  1.047270E-14
  5.776000E+03  1.067606E-14
  5.778000E+03  1.031817E-14
  5.780000E+03  9.807334E-15
  5.782000E+03  1.010601E-14
  5.784000E+03  1.042721E-14
  5.786000E+03  1.046220E-14
  5.788000E+03  1.060217E-14
  5.790000E+03  1.072242E-14
  5.792000E+03  1.075871E-14
  5.794000E+03  1.056652E-14
  5.796000E+03  1.061788E-14
  5.798000E+03  1.062421E-14
  5.800000E+03  1.061712E-14
  5.802000E+03  1.053620E-14
  5.804000E+03  1.055873E-14
  5.806000E+03  1.038962E-14
  5.808000E+03  1.061774E-14
  5.810000E+03  1.037765E-14
  5.812000E+03  1.076382E-14
  5.814000E+03  1.042393E-14
  5.816000E+03  1.054653E-14
  5.818000E+03  1.047975E-14
  5.820000E+03  1.060349E-14
  5.822000E+03  1.046675E-14
  5.824000E+03  1.062362E-14
  5.826000E+03  1.046019E-14
  5.828000E+03  1.062507E-14
  5.830000E+03  1.037941E-14
  5.832000E+03  1.035356E-14
  5.834000E+03  1.060635E-14
  5.836000E+03  1.054670E-14
  5.838000E+03  1.045003E-14
  5.840000E+03  1.062909E-14
  5.842000E+03  1.032621E-14
  5.844000E+03  1.019378E-14
  5.846000E+03  1.040655E-14
  5.848000E+03  1.034177E-14
  5.850000E+03  1.019469E-14
  5.852000E+03  1.042078E-14
  5.854000E+03  1.039518E-14
  5.856000E+03  1.025087E-14
  5.858000E+03  1.029263E-14
  5.860000E+03  1.036417E-14
  5.862000E+03  1.030914E-14
  5.864000E+03  1.010907E-14
  5.866000E+03  1.011017E-14
  5.868000E+03  1.024315E-14
  5.870000E+03  1.007121E-14
  5.872000E+03  1.003451E-14
  5.874000E+03  1.019830E-14
  5.876000E+03  9.953021E-15
  5.878000E+03  1.005760E-14
  5.880000E+03  9.931422E-15
  5.882000E+03  9.862684E-15
  5.884000E+03  9.610441E-15
  5.886000E+03  9.701248E-15
  5.888000E+03  9.291606E-15
  5.890000E+03  7.807101E-15
  5.892000E+03  9.096490E-15
  5.894000E+03  9.250341E-15
  5.896000E+03  8.672964E-15
  5.898000E+03  9.430001E-15
  5.900000E+03  9.335282E-15
  5.902000E+03  9.596175E-15
  5.904000E+03  9.732064E-15
  5.906000E+03  9.698744E-15
  5.908000E+03  9.585939E-15
  5.910000E+03  9.767585E-15
  5.912000E+03  9.590766E-15
  5.914000E+03  9.551748E-15
  5.916000E+03  9.660538E-15
  5.918000E+03  9.461601E-15
  5.920000E+03  9.229808E-15
  5.922000E+03  9.570229E-15
  5.924000E+03  9.316131E-15
  5.926000E+03  9.477031E-15
  5.928000E+03  9.521951E-15
  5.930000E+03  9.495184E-15
  5.932000E+03  9.543929E-15
  5.934000E+03  9.708045E-15
  5.936000E+03  9.770850E-15
  5.938000E+03  9.729042E-15
  5.940000E+03  9.693644E-15
  5.942000E+03  9.264308E-15
  5.944000E+03  9.466609E-15
  5.946000E+03  9.284538E-15
  5.948000E+03  9.311272E-15
  5.950000E+03  9.542186E-15
  5.952000E+03  9.447832E-15
  5.954000E+03  9.600450E-15
  5.956000E+03  9.507405E-15
  5.958000E+03  9.445829E-15
  5.960000E+03  9.502788E-15
  5.962000E+03  9.635928E-15
  5.964000E+03  9.689956E-15
  5.966000E+03  9.536008E-15
  5.968000E+03  9.511463E-15
  5.970000E+03  9.597953E-15
  5.972000E+03  9.472092E-15
  5.974000E+03  9.511071E-15
  5.976000E+03  9.498343E-15
  5.978000E+03  9.366809E-15
  5.980000E+03  9.541639E-15
  5.982000E+03  9.831749E-15
  5.984000E+03  9.626500E-15
  5.986000E+03  9.492958E-15
  5.988000E+03  9.634734E-15
  5.990000E+03  9.484375E-15
  5.992000E+03  9.753436E-15
  5.994000E+03  9.658258E-15
  5.996000E+03  9.847146E-15
  5.998000E+03  9.610803E-15
  6.000000E+03  9.579785E-15
  6.002000E+03  9.648161E-15
  6.004000E+03  9.295389E-15
  6.006000E+03  9.616827E-15
  6.008000E+03  9.544250E-15
  6.010000E+03  9.462323E-15
  6.012000E+03  9.568507E-15
  6.014000E+03  9.688350E-15
  6.016000E+03  9.752774E-15
  6.018000E+03  9.601883E-15
  6.020000E+03  9.665973E-15
  6.022000E+03  9.705086E-15
  6.024000E+03  9.803772E-15
  6.026000E+03  9.689683E-15
  6.028000E+03  9.728192E-15
  6.030000E+03  9.666916E-15
  6.032000E+03  9.560396E-15
  6.034000E+03  9.649457E-15
  6.036000E+03  9.825149E-15
  6.038000E+03  9.655508E-15
  6.040000E+03  9.437250E-15
  6.042000E+03  9.584583E-15
  6.044000E+03  9.684634E-15
  6.046000E+03  9.707146E-15
  6.048000E+03  9.677754E-15
  6.050000E+03  9.548018E-15
  6.052000E+03  9.458240E-15
  6.054000E+03  9.371591E-15
  6.056000E+03  9.526033E-15
  6.058000E+03  9.582012E-15
  6.060000E+03  9.767179E-15
  6.062000E+03  9.430101E-15
  6.064000E+03  9.543179E-15
  6.066000E+03  9.604669E-15
  6.068000E+03  9.696587E-15
  6.070000E+03  9.460682E-15
  6.072000E+03  9.539079E-15
  6.074000E+03  9.486223E-15
  6.076000E+03  9.437848E-15
  6.078000E+03  9.572121E-15
  6.080000E+03  9.465833E-15
  6.082000E+03  9.338064E-15
  6.084000E+03  9.211517E-15
  6.086000E+03  9.431425E-15
  6.088000E+03  9.494358E-15
  6.090000E+03  9.617788E-15
  6.092000E+03  9.490908E-15
  6.094000E+03  9.352947E-15
  6.096000E+03  9.453266E-15
  6.098000E+03  9.330150E-15
  6.100000E+03  9.384320E-15
  6.102000E+03  9.308597E-15
  6.104000E+03  9.227785E-15
  6.106000E+03  9.186732E-15
  6.108000E+03  9.274481E-15
  6.110000E+03  9.173734E-15
  6.112000E+03  9.291575E-15
  6.114000E+03  9.318337E-15
  6.116000E+03  9.350889E-15
  6.118000E+03  9.110798E-15
  6.120000E+03  9.189762E-15
  6.122000E+03  9.118745E-15
  6.124000E+03  9.244472E-15
  6.126000E+03  9.383120E-15
  6.128000E+03  9.158922E-15
  6.130000E+03  9.214068E-15
  6.132000E+03  9.225719E-15
  6.134000E+03  9.110179E-15
  6.136000E+03  9.108261E-15
  6.138000E+03  9.242547E-15
  6.140000E+03  9.259598E-15
  6.142000E+03  9.244545E-15
  6.144000E+03  9.152310E-15
  6.146000E+03  9.101039E-15
  6.148000E+03  9.065936E-15
  6.150000E+03  9.324900E-15
  6.152000E+03  9.000526E-15
  6.154000E+03  9.023236E-15
  6.156000E+03  9.033785E-15
  6.158000E+03  9.018641E-15
  6.160000E+03  9.137439E-15
  6.162000E+03  8.857256E-15
  6.164000E+03  9.120962E-15
  6.166000E+03  8.928810E-15
  6.168000E+03  8.939648E-15
  6.170000E+03  8.839619E-15
  6.172000E+03  9.258204E-15
  6.174000E+03  9.089911E-15
  6.176000E+03  8.879109E-15
  6.178000E+03  8.920127E-15
  6.180000E+03  8.869696E-15
  6.182000E+03  8.812765E-15
  6.184000E+03  8.855704E-15
  6.186000E+03  8.884751E-15
  6.188000E+03  8.879164E-15
  6.190000E+03  9.022918E-15
  6.192000E+03  8.931262E-15
  6.194000E+03  8.775832E-15
  6.196000E+03  9.012951E-15
  6.198000E+03  8.857456E-15
  6.200000E+03  8.612310E-15
  6.202000E+03  8.829999E-15
  6.204000E+03  8.734857E-15
  6.206000E+03  8.721829E-15
  6.208000E+03  8.976993E-15
  6.210000E+03  9.073857E-15
  6.212000E+03  8.874799E-15
  6.214000E+03  9.007535E-15
  6.216000E+03  8.916750E-15
  6.218000E+03  8.988955E-15
  6.220000E+03  8.939248E-15
  6.222000E+03  8.920873E-15
  6.224000E+03  8.776608E-15
  6.226000E+03  8.768874E-15
  6.228000E+03  8.672383E-15
  6.230000E+03  8.562648E-15
  6.232000E+03  8.721095E-15
  6.234000E+03  8.789429E-15
  6.236000E+03  8.612025E-15
  6.238000E+03  8.797275E-15
  6.240000E+03  8.687721E-15
  6.242000E+03  8.746410E-15
  6.244000E+03  8.673289E-15
  6.246000E+03  8.610941E-15
  6.248000E+03  8.818543E-15
  6.250000E+03  8.614867E-15
  6.252000E+03  8.616143E-15
  6.254000E+03  8.476222E-15
  6.256000E+03  8.774190E-15
  6.258000E+03  8.731638E-15
  6.260000E+03  8.684035E-15
  6.262000E+03  8.723939E-15
  6.264000E+03  8.941908E-15
  6.266000E+03  8.728819E-15
  6.268000E+03  8.654350E-15
  6.270000E+03  8.463761E-15
  6.272000E+03  8.450199E-15
  6.274000E+03  8.615704E-15
  6.276000E+03  8.160701E-15
  6.278000E+03  7.763460E-15
  6.280000E+03  7.751241E-15
  6.282000E+03  7.827501E-15
  6.284000E+03  7.742862E-15
  6.286000E+03  8.102444E-15
  6.288000E+03  8.360752E-15
  6.290000E+03  8.547736E-15
  6.292000E+03  8.187635E-15
  6.294000E+03  8.421880E-15
  6.296000E+03  8.391701E-15
  6.298000E+03  8.154131E-15
  6.300000E+03  8.543704E-15
  6.302000E+03  8.166945E-15
  6.304000E+03  8.503183E-15
  6.306000E+03  8.560940E-15
  6.308000E+03  8.341938E-15
  6.310000E+03  8.073683E-15
  6.312000E+03  8.191724E-15
  6.314000E+03  8.199930E-15
  6.316000E+03  8.395420E-15
  6.318000E+03  8.157117E-15
  6.320000E+03  8.160514E-15
  6.322000E+03  7.970608E-15
  6.324000E+03  8.311355E-15
  6.326000E+03  8.358195E-15
  6.328000E+03  8.309131E-15
  6.330000E+03  8.167837E-15
  6.332000E+03  8.324673E-15
  6.334000E+03  8.594500E-15
  6.336000E+03  8.250472E-15
  6.338000E+03  8.553362E-15
  6.340000E+03  8.588418E-15
  6.342000E+03  8.304289E-15
  6.344000E+03  8.426401E-15
  6.346000E+03  8.320202E-15
  6.348000E+03  8.186858E-15
  6.350000E+03  8.224238E-15
  6.352000E+03  8.135522E-15
  6.354000E+03  8.136419E-15
  6.356000E+03  8.443047E-15
  6.358000E+03  8.178770E-15
  6.360000E+03  7.977503E-15
  6.362000E+03  8.349012E-15
  6.364000E+03  8.312940E-15
  6.366000E+03  8.369233E-15
  6.368000E+03  8.116531E-15
  6.370000E+03  7.901868E-15
  6.372000E+03  8.065762E-15
  6.374000E+03  8.079663E-15
  6.376000E+03  8.387543E-15
  6.378000E+03  8.241003E-15
  6.380000E+03  8.218276E-15
  6.382000E+03  8.391562E-15
  6.384000E+03  8.087789E-15
  6.386000E+03  8.293899E-15
  6.388000E+03  7.965326E-15
  6.390000E+03  8.214714E-15
  6.392000E+03  8.185818E-15
  6.394000E+03  8.097475E-15
  6.396000E+03  8.028529E-15
  6.398000E+03  7.988758E-15
  6.400000E+03  8.199939E-15
  6.402000E+03  8.118650E-15
  6.404000E+03  8.169130E-15
  6.406000E+03  8.197335E-15
  6.408000E+03  8.033839E-15
  6.410000E+03  8.208605E-15
  6.412000E+03  8.026105E-15
  6.414000E+03  8.172146E-15
  6.416000E+03  8.107692E-15
  6.418000E+03  8.377724E-15
  6.420000E+03  8.165748E-15
  6.422000E+03  7.760799E-15
  6.424000E+03  8.359959E-15
  6.426000E+03  8.005526E-15
  6.428000E+03  8.141993E-15
  6.430000E+03  7.897502E-15
  6.432000E+03  8.162150E-15
  6.434000E+03  7.753378E-15
  6.436000E+03  8.101988E-15
  6.438000E+03  7.809650E-15
  6.440000E+03  7.755147E-15
  6.442000E+03  8.007917E-15
  6.444000E+03  7.946933E-15
  6.446000E+03  7.710325E-15
  6.448000E+03  8.142149E-15
  6.450000E+03  7.862491E-15
  6.452000E+03  7.565013E-15
  6.454000E+03  7.940708E-15
  6.456000E+03  7.997837E-15
  6.458000E+03  7.674219E-15
  6.460000E+03  8.006775E-15
  6.462000E+03  7.778190E-15
  6.464000E+03  7.805785E-15
  6.466000E+03  7.730454E-15
  6.468000E+03  7.676887E-15
  6.470000E+03  7.734891E-15
  6.472000E+03  7.543829E-15
  6.474000E+03  7.582273E-15
  6.476000E+03  7.531055E-15
  6.478000E+03  7.603620E-15
  6.480000E+03  7.570534E-15
  6.482000E+03  7.723301E-15
  6.484000E+03  7.464001E-15
  6.486000E+03  7.619335E-15
  6.488000E+03  7.690135E-15
  6.490000E+03  7.659542E-15
  6.492000E+03  7.640611E-15
  6.494000E+03  7.695776E-15
  6.496000E+03  7.632003E-15
  6.498000E+03  7.664003E-15
  6.500000E+03  7.817113E-15
  6.502000E+03  7.860537E-15
  6.504000E+03  7.681972E-15
  6.506000E+03  7.748522E-15
  6.508000E+03  7.688981E-15
  6.510000E+03  7.719142E-15
  6.512000E+03  7.678175E-15
  6.514000E+03  7.626981E-15
  6.516000E+03  7.301967E-15
  6.518000E+03  7.361356E-15
  6.520000E+03  7.566748E-15
  6.522000E+03  7.690791E-15
  6.524000E+03  7.649572E-15
  6.526000E+03  7.656899E-15
  6.528000E+03  7.689022E-15
  6.530000E+03  7.689922E-15
  6.532000E+03  7.543984E-15
  6.534000E+03  7.469277E-15
  6.536000E+03  7.570177E-15
  6.538000E+03  7.566264E-15
  6.540000E+03  7.657861E-15
  6.542000E+03  7.569173E-15
  6.544000E+03  7.381617E-15
  6.546000E+03  7.491770E-15
  6.548000E+03  7.403692E-15
  6.550000E+03  7.430132E-15
  6.552000E+03  7.405879E-15
  6.554000E+03  7.297068E-15
  6.556000E+03  7.399613E-15
  6.558000E+03  7.351490E-15
  6.560000E+03  7.383959E-15
  6.562000E+03  7.395482E-15
  6.564000E+03  7.249067E-15
  6.566000E+03  7.337161E-15
  6.568000E+03  7.354114E-15
  6.570000E+03  7.348680E-15
  6.572000E+03  7.259513E-15
  6.574000E+03  7.181910E-15
  6.576000E+03  7.253242E-15
  6.578000E+03  7.326821E-15
  6.580000E+03  7.336508E-15
  6.582000E+03  7.302782E-15
  6.584000E+03  7.263863E-15
  6.586000E+03  7.272771E-15
  6.588000E+03  7.233133E-15
  6.590000E+03  7.299308E-15
  6.592000E+03  7.244563E-15
  6.594000E+03  7.211051E-15
  6.596000E+03  7.217358E-15
  6.598000E+03  7.251744E-15
  6.600000E+03  7.203307E-15
  6.602000E+03  7.249628E-15
  6.604000E+03  7.220868E-15
  6.606000E+03  7.236489E-15
  6.608000E+03  7.250500E-15
  6.610000E+03  7.261899E-15
  6.612000E+03  7.193124E-15
  6.614000E+03  7.217255E-15
  6.616000E+03  7.221318E-15
  6.618000E+03  7.189244E-15
  6.620000E+03  7.206472E-15
  6.622000E+03  7.199920E-15
  6.624000E+03  7.211356E-15
  6.626000E+03  7.150462E-15
  6.628000E+03  7.203145E-15
  6.630000E+03  7.143521E-15
  6.632000E+03  7.195001E-15
  6.634000E+03  7.191141E-15
  6.636000E+03  7.262373E-15
  6.638000E+03  7.240540E-15
  6.640000E+03  7.219725E-15
  6.642000E+03  7.227725E-15
  6.644000E+03  7.187941E-15
  6.646000E+03  7.260652E-15
  6.648000E+03  7.276891E-15
  6.650000E+03  7.300769E-15
  6.652000E+03  7.243474E-15
  6.654000E+03  7.232765E-15
  6.656000E+03  7.305983E-15
  6.658000E+03  7.276395E-15
  6.660000E+03  7.255854E-15
  6.662000E+03  7.269900E-15
  6.664000E+03  7.227075E-15
  6.666000E+03  7.241319E-15
  6.668000E+03  7.298053E-15
  6.670000E+03  7.303965E-15
  6.672000E+03  7.256661E-15
  6.674000E+03  7.267064E-15
  6.676000E+03  7.216559E-15
  6.678000E+03  7.298574E-15
  6.680000E+03  7.308521E-15
  6.682000E+03  7.221046E-15
  6.684000E+03  7.266914E-15
  6.686000E+03  7.249145E-15
  6.688000E+03  7.264207E-15
  6.690000E+03  7.279038E-15
  6.692000E+03  7.235801E-15
  6.694000E+03  7.243755E-15
  6.696000E+03  7.224963E-15
  6.698000E+03  7.201853E-15
  6.700000E+03  7.192004E-15
  6.702000E+03  7.193745E-15
  6.704000E+03  7.192984E-15
  6.706000E+03  7.277830E-15
  6.708000E+03  7.211334E-15
  6.710000E+03  7.223770E-15
  6.712000E+03  7.226836E-15
  6.714000E+03  7.219359E-15
  6.716000E+03  7.238977E-15
  6.718000E+03  7.164453E-15
  6.720000E+03  7.158834E-15
  6.722000E+03  7.214452E-15
  6.724000E+03  7.198383E-15
  6.726000E+03  7.141213E-15
  6.728000E+03  7.155470E-15
  6.730000E+03  7.136059E-15
  6.732000E+03  7.087779E-15
  6.734000E+03  7.130559E-15
  6.736000E+03  7.143430E-15
  6.738000E+03  7.154119E-15
  6.740000E+03  7.125734E-15
  6.742000E+03  7.120713E-15
  6.744000E+03  7.161404E-15
  6.746000E+03  7.162721E-15
  6.748000E+03  7.128192E-15
  6.750000E+03  7.077760E-15
  6.752000E+03  7.054659E-15
  6.754000E+03  7.118823E-15
  6.756000E+03  7.172054E-15
  6.758000E+03  7.099297E-15
  6.760000E+03  7.084070E-15
  6.762000E+03  7.103617E-15
  6.764000E+03  7.076576E-15
  6.766000E+03  7.047936E-15
  6.768000E+03  7.070282E-15
  6.770000E+03  7.094537E-15
  6.772000E+03  7.098952E-15
  6.774000E+03  7.079800E-15
  6.776000E+03  7.049463E-15
  6.778000E+03  7.062439E-15
  6.780000E+03  7.035336E-15
  6.782000E+03  7.109744E-15
  6.784000E+03  7.018427E-15
  6.786000E+03  7.055169E-15
  6.788000E+03  7.034003E-15
  6.790000E+03  7.074540E-15
  6.792000E+03  7.020691E-15
  6.794000E+03  7.087638E-15
  6.796000E+03  7.007609E-15
  6.798000E+03  7.036684E-15
  6.800000E+03  6.988281E-15
  6.802000E+03  6.999634E-15
  6.804000E+03  7.006505E-15
  6.806000E+03  7.029998E-15
  6.808000E+03  7.008876E-15
  6.810000E+03  6.999381E-15
  6.812000E+03  7.000663E-15
  6.814000E+03  6.954897E-15
  6.816000E+03  7.024752E-15
  6.818000E+03  7.021929E-15
  6.820000E+03  6.980140E-15
  6.822000E+03  6.928978E-15
  6.824000E+03  6.924418E-15
  6.826000E+03  6.950157E-15
  6.828000E+03  6.967521E-15
  6.830000E+03  6.967634E-15
  6.832000E+03  6.956911E-15
  6.834000E+03  6.908323E-15
  6.836000E+03  6.925167E-15
  6.838000E+03  6.955537E-15
  6.840000E+03  6.922338E-15
  6.842000E+03  6.925820E-15
  6.844000E+03  6.882297E-15
  6.846000E+03  6.918451E-15
  6.848000E+03  6.906975E-15
  6.850000E+03  6.907971E-15
  6.852000E+03  6.860754E-15
  6.854000E+03  6.904513E-15
  6.856000E+03  6.848808E-15
  6.858000E+03  6.877163E-15
  6.860000E+03  6.918791E-15
  6.862000E+03  6.883338E-15
  6.864000E+03  6.832490E-15
  6.866000E+03  6.400359E-15
  6.868000E+03  4.535495E-15
  6.870000E+03  4.358370E-15
  6.872000E+03  4.634655E-15
  6.874000E+03  4.907938E-15
  6.876000E+03  5.229524E-15
  6.878000E+03  5.604379E-15
  6.880000E+03  6.095283E-15
  6.882000E+03  6.512978E-15
  6.884000E+03  6.230555E-15
  6.886000E+03  5.830676E-15
  6.888000E+03  5.890218E-15
  6.890000E+03  5.763214E-15
  6.892000E+03  5.692533E-15
  6.894000E+03  5.908124E-15
  6.896000E+03  5.747889E-15
  6.898000E+03  6.070959E-15
  6.900000E+03  5.749716E-15
  6.902000E+03  6.147694E-15
  6.904000E+03  5.975051E-15
  6.906000E+03  6.149865E-15
  6.908000E+03  6.123886E-15
  6.910000E+03  6.239775E-15
  6.912000E+03  6.310891E-15
  6.914000E+03  6.140547E-15
  6.916000E+03  6.445528E-15
  6.918000E+03  6.237982E-15
  6.920000E+03  6.363069E-15
  6.922000E+03  6.367027E-15
  6.924000E+03  6.175320E-15
  6.926000E+03  6.377680E-15
  6.928000E+03  6.277546E-15
  6.930000E+03  6.039543E-15
  6.932000E+03  6.169962E-15
  6.934000E+03  6.134936E-15
  6.936000E+03  6.267595E-15
  6.938000E+03  6.151646E-15
  6.940000E+03  5.804316E-15
  6.942000E+03  5.857444E-15
  6.944000E+03  6.159866E-15
  6.946000E+03  6.276090E-15
  6.948000E+03  6.045137E-15
  6.950000E+03  6.097858E-15
  6.952000E+03  6.275403E-15
  6.954000E+03  6.220094E-15
  6.956000E+03  6.016670E-15
  6.958000E+03  6.120835E-15
  6.960000E+03  6.080268E-15
  6.962000E+03  6.216045E-15
  6.964000E+03  6.350306E-15
  6.966000E+03  6.437914E-15
  6.968000E+03  6.476741E-15
  6.970000E+03  6.388756E-15
  6.972000E+03  6.336913E-15
  6.974000E+03  6.407983E-15
  6.976000E+03  6.398269E-15
  6.978000E+03  6.390491E-15
  6.980000E+03  6.403037E-15
  6.982000E+03  6.355066E-15
  6.984000E+03  6.319283E-15
  6.986000E+03  6.151526E-15
  6.988000E+03  6.003708E-15
  6.990000E+03  6.022879E-15
  6.992000E+03  6.154426E-15
  6.994000E+03  6.012966E-15
  6.996000E+03  6.281930E-15
  6.998000E+03  6.125249E-15
  7.000000E+03  6.110406E-15
  7.002000E+03  6.251601E-15
  7.004000E+03  6.003614E-15
  7.006000E+03  6.031770E-15
  7.008000E+03  6.227976E-15
  7.010000E+03  6.187641E-15
  7.012000E+03  6.153236E-15
  7.014000E+03  6.266702E-15
  7.016000E+03  5.929076E-15
  7.018000E+03  6.069700E-15
  7.020000E+03  6.188349E-15
  7.022000E+03  6.192482E-15
  7.024000E+03  6.120813E-15
  7.026000E+03  6.023159E-15
  7.028000E+03  5.909972E-15
  7.030000E+03  6.228217E-15
  7.032000E+03  6.344267E-15
  7.034000E+03  6.387559E-15
  7.036000E+03  6.300432E-15
  7.038000E+03  6.131225E-15
  7.040000E+03  6.058541E-15
  7.042000E+03  6.258523E-15
  7.044000E+03  6.299433E-15
  7.046000E+03  6.334212E-15
  7.048000E+03  6.295760E-15
  7.050000E+03  6.240727E-15
  7.052000E+03  6.116565E-15
  7.054000E+03  6.209918E-15
  7.056000E+03  6.205711E-15
  7.058000E+03  6.249380E-15
  7.060000E+03  6.260608E-15
  7.062000E+03  6.279535E-15
  7.064000E+03  6.218303E-15
  7.066000E+03  6.192289E-15
  7.068000E+03  6.324610E-15
  7.070000E+03  6.318175E-15
  7.072000E+03  6.325042E-15
  7.074000E+03  6.294888E-15
  7.076000E+03  6.306144E-15
  7.078000E+03  6.194419E-15
  7.080000E+03  6.248794E-15
  7.082000E+03  6.313771E-15
  7.084000E+03  6.382266E-15
  7.086000E+03  6.350762E-15
  7.088000E+03  6.268837E-15
  7.090000E+03  6.252037E-15
  7.092000E+03  6.379424E-15
  7.094000E+03  6.323331E-15
  7.096000E+03  6.318987E-15
  7.098000E+03  6.361133E-15
  7.100000E+03  6.314670E-15
  7.102000E+03  6.293168E-15
  7.104000E+03  6.301810E-15
  7.106000E+03  6.279800E-15
  7.108000E+03  6.294118E-15
  7.110000E+03  6.295614E-15
  7.112000E+03  6.303347E-15
  7.114000E+03  6.340693E-15
  7.116000E+03  6.329346E-15
  7.118000E+03  6.284686E-15
  7.120000E+03  6.283034E-15
  7.122000E+03  6.316883E-15
  7.124000E+03  6.293478E-15
  7.126000E+03  6.291778E-15
  7.128000E+03  6.241577E-15
  7.130000E+03  6.296094E-15
  7.132000E+03  6.279820E-15
  7.134000E+03  6.268303E-15
  7.136000E+03  6.302781E-15
  7.138000E+03  6.271996E-15
  7.140000E+03  6.276097E-15
  7.142000E+03  6.269784E-15
  7.144000E+03  6.264078E-15
  7.146000E+03  6.214624E-15
  7.148000E+03  6.211300E-15
  7.150000E+03  6.112035E-15
  7.152000E+03  6.173718E-15
  7.154000E+03  6.205999E-15
  7.156000E+03  6.187034E-15
  7.158000E+03  6.116126E-15
  7.160000E+03  6.159244E-15
  7.162000E+03  6.058357E-15
  7.164000E+03  5.963287E-15
  7.166000E+03  5.645651E-15
  7.168000E+03  5.295743E-15
  7.170000E+03  5.207337E-15
  7.172000E+03  4.994529E-15
  7.174000E+03  4.938603E-15
  7.176000E+03  4.977334E-15
  7.178000E+03  4.812443E-15
  7.180000E+03  5.392277E-15
  7.182000E+03  5.251300E-15
  7.184000E+03  4.815109E-15
  7.186000E+03  4.195102E-15
  7.188000E+03  4.697708E-15
  7.190000E+03  5.387404E-15
  7.192000E+03  4.616830E-15
  7.194000E+03  4.639989E-15
  7.196000E+03  5.072466E-15
  7.198000E+03  5.024689E-15
  7.200000E+03  4.661998E-15
  7.202000E+03  4.887464E-15
  7.204000E+03  4.825928E-15
  7.206000E+03  4.943554E-15
  7.208000E+03  5.497244E-15
  7.210000E+03  5.625927E-15
  7.212000E+03  5.904061E-15
  7.214000E+03  6.067713E-15
  7.216000E+03  5.812132E-15
  7.218000E+03  5.821876E-15
  7.220000E+03  6.103642E-15
  7.222000E+03  5.997442E-15
  7.224000E+03  5.704404E-15
  7.226000E+03  5.803763E-15
  7.228000E+03  5.693598E-15
  7.230000E+03  5.827262E-15
  7.232000E+03  5.252217E-15
  7.234000E+03  4.556449E-15
  7.236000E+03  4.828631E-15
  7.238000E+03  5.566796E-15
  7.240000E+03  4.992366E-15
  7.242000E+03  5.098257E-15
  7.244000E+03  4.917018E-15
  7.246000E+03  5.113348E-15
  7.248000E+03  5.392387E-15
  7.250000E+03  5.488430E-15
  7.252000E+03  4.783269E-15
  7.254000E+03  4.816109E-15
  7.256000E+03  5.438806E-15
  7.258000E+03  5.352368E-15
  7.260000E+03  5.399381E-15
  7.262000E+03  5.345539E-15
  7.264000E+03  4.931206E-15
  7.266000E+03  5.058776E-15
  7.268000E+03  5.608409E-15
  7.270000E+03  5.584013E-15
  7.272000E+03  5.379480E-15
  7.274000E+03  5.212306E-15
  7.276000E+03  4.553555E-15
  7.278000E+03  4.632943E-15
  7.280000E+03  5.308748E-15
  7.282000E+03  5.598562E-15
  7.284000E+03  5.838415E-15
  7.286000E+03  5.802569E-15
  7.288000E+03  5.291198E-15
  7.290000E+03  4.843212E-15
  7.292000E+03  4.911622E-15
  7.294000E+03  5.167683E-15
  7.296000E+03  5.482931E-15
  7.298000E+03  5.701500E-15
  7.300000E+03  5.444433E-15
  7.302000E+03  5.160907E-15
  7.304000E+03  4.817715E-15
  7.306000E+03  5.463041E-15
  7.308000E+03  5.530014E-15
  7.310000E+03  5.158674E-15
  7.312000E+03  5.236925E-15
  7.314000E+03  5.519448E-15
  7.316000E+03  5.410140E-15
  7.318000E+03  5.048324E-15
  7.320000E+03  5.443590E-15
  7.322000E+03  5.761655E-15
  7.324000E+03  5.839129E-15
  7.326000E+03  5.783571E-15
  7.328000E+03  5.712130E-15
  7.330000E+03  5.775247E-15
  7.332000E+03  5.648430E-15
  7.334000E+03  5.513432E-15
  7.336000E+03  5.747530E-15
  7.338000E+03  5.916151E-15
  7.340000E+03  5.946722E-15
  7.342000E+03  5.865347E-15
  7.344000E+03  5.699867E-15
  7.346000E+03  5.738468E-15
  7.348000E+03  5.676691E-15
  7.350000E+03  5.651168E-15
  7.352000E+03  5.737949E-15
  7.354000E+03  5.792059E-15
  7.356000E+03  5.745178E-15
  7.358000E+03  5.742932E-15
  7.360000E+03  5.671539E-15
  7.362000E+03  5.663154E-15
  7.364000E+03  5.636121E-15
  7.366000E+03  5.709218E-15
  7.368000E+03  5.527694E-15
  7.370000E+03  5.660499E-15
  7.372000E+03  5.722440E-15
  7.374000E+03  5.674189E-15
  7.376000E+03  5.765649E-15
  7.378000E+03  5.739144E-15
  7.380000E+03  5.757558E-15
  7.382000E+03  5.687334E-15
  7.384000E+03  5.619826E-15
  7.386000E+03  5.746722E-15
  7.388000E+03  5.791877E-15
  7.390000E+03  5.649861E-15
  7.392000E+03  5.637274E-15
  7.394000E+03  5.736092E-15
  7.396000E+03  5.674450E-15
  7.398000E+03  5.693538E-15
  7.400000E+03  5.743083E-15
  7.402000E+03  5.770025E-15
  7.404000E+03  5.775837E-15
  7.406000E+03  5.751734E-15
  7.408000E+03  5.727635E-15
  7.410000E+03  5.689874E-15
  7.412000E+03  5.707201E-15
  7.414000E+03  5.697219E-15
  7.416000E+03  5.721175E-15
  7.418000E+03  5.710353E-15
  7.420000E+03  5.699279E-15
  7.422000E+03  5.718037E-15
  7.424000E+03  5.659530E-15
  7.426000E+03  5.639546E-15
  7.428000E+03  5.642193E-15
  7.430000E+03  5.666288E-15
  7.432000E+03  5.710099E-15
  7.434000E+03  5.691036E-15
  7.436000E+03  5.649302E-15
  7.438000E+03  5.640849E-15
  7.440000E+03  5.631202E-15
  7.442000E+03  5.658813E-15
  7.444000E+03  5.652599E-15
  7.446000E+03  5.641253E-15
  7.448000E+03  5.655380E-15
  7.450000E+03  5.638582E-15
  7.452000E+03  5.629622E-15
  7.454000E+03  5.610661E-15
  7.456000E+03  5.618838E-15
  7.458000E+03  5.601866E-15
  7.460000E+03  5.576405E-15
  7.462000E+03  5.591925E-15
  7.464000E+03  5.617488E-15
  7.466000E+03  5.611611E-15
  7.468000E+03  5.568439E-15
  7.470000E+03  5.591354E-15
  7.472000E+03  5.605047E-15
  7.474000E+03  5.582260E-15
  7.476000E+03  5.605563E-15
  7.478000E+03  5.576349E-15
  7.480000E+03  5.584461E-15
  7.482000E+03  5.581632E-15
  7.484000E+03  5.580814E-15
  7.486000E+03  5.564345E-15
  7.488000E+03  5.576667E-15
  7.490000E+03  5.556781E-15
  7.492000E+03  5.585057E-15
  7.494000E+03  5.572443E-15
  7.496000E+03  5.489327E-15
  7.498000E+03  5.532952E-15
  7.500000E+03  5.420598E-15
  7.502000E+03  5.453428E-15
  7.504000E+03  5.474806E-15
  7.506000E+03  5.444778E-15
  7.508000E+03  5.475326E-15
  7.510000E+03  5.419985E-15
  7.512000E+03  5.482085E-15
  7.514000E+03  5.450639E-15
  7.516000E+03  5.453594E-15
  7.518000E+03  5.453506E-15
  7.520000E+03  5.462673E-15
  7.522000E+03  5.287553E-15
  7.524000E+03  5.411936E-15
  7.526000E+03  5.347996E-15
  7.528000E+03  5.456615E-15
  7.530000E+03  5.385034E-15
  7.532000E+03  5.559786E-15
  7.534000E+03  5.476052E-15
  7.536000E+03  5.522549E-15
  7.538000E+03  5.420881E-15
  7.540000E+03  5.571744E-15
  7.542000E+03  5.484579E-15
  7.544000E+03  5.593708E-15
  7.546000E+03  5.546021E-15
  7.548000E+03  5.490675E-15
  7.550000E+03  5.500635E-15
  7.552000E+03  5.438949E-15
  7.554000E+03  5.407537E-15
  7.556000E+03  5.425232E-15
  7.558000E+03  5.500772E-15
  7.560000E+03  5.363278E-15
  7.562000E+03  5.399063E-15
  7.564000E+03  5.357329E-15
  7.566000E+03  5.372582E-15
  7.568000E+03  5.292938E-15
  7.570000E+03  5.388192E-15
  7.572000E+03  5.273629E-15
  7.574000E+03  5.335043E-15
  7.576000E+03  5.311136E-15
  7.578000E+03  5.334588E-15
  7.580000E+03  5.248481E-15
  7.582000E+03  5.224384E-15
  7.584000E+03  5.293293E-15
  7.586000E+03  5.185579E-15
  7.588000E+03  5.193541E-15
  7.590000E+03  5.206852E-15
  7.592000E+03  4.597827E-15
  7.594000E+03  2.682914E-15
  7.596000E+03  1.858634E-15
  7.598000E+03  1.677307E-15
  7.600000E+03  1.252600E-15
  7.602000E+03  9.356197E-16
  7.604000E+03  8.761806E-16
  7.606000E+03  9.563662E-16
  7.608000E+03  1.136118E-15
  7.610000E+03  1.445676E-15
  7.612000E+03  1.773855E-15
  7.614000E+03  2.394374E-15
  7.616000E+03  3.501529E-15
  7.618000E+03  4.486335E-15
  7.620000E+03  3.486100E-15
  7.622000E+03  2.797086E-15
  7.624000E+03  2.424139E-15
  7.626000E+03  2.351560E-15
  7.628000E+03  2.260662E-15
  7.630000E+03  2.295967E-15
  7.632000E+03  2.376630E-15
  7.634000E+03  2.386412E-15
  7.636000E+03  2.503466E-15
  7.638000E+03  2.850252E-15
  7.640000E+03  2.388518E-15
  7.642000E+03  3.514253E-15
  7.644000E+03  2.487736E-15
  7.646000E+03  3.543837E-15
  7.648000E+03  3.285727E-15
  7.650000E+03  3.257951E-15
  7.652000E+03  4.166633E-15
  7.654000E+03  3.182267E-15
  7.656000E+03  4.305720E-15
  7.658000E+03  4.106283E-15
  7.660000E+03  3.176140E-15
  7.662000E+03  4.731628E-15
  7.664000E+03  3.862585E-15
  7.666000E+03  4.289779E-15
  7.668000E+03  4.767195E-15
  7.670000E+03  4.401682E-15
  7.672000E+03  4.441018E-15
  7.674000E+03  4.937127E-15
  7.676000E+03  4.457008E-15
  7.678000E+03  4.709479E-15
  7.680000E+03  4.836746E-15
  7.682000E+03  4.562313E-15
  7.684000E+03  4.658323E-15
  7.686000E+03  4.883507E-15
  7.688000E+03  4.749300E-15
  7.690000E+03  4.693633E-15
  7.692000E+03  4.846922E-15
  7.694000E+03  4.842752E-15
  7.696000E+03  4.707834E-15
  7.698000E+03  4.785964E-15
  7.700000E+03  4.806780E-15
  7.702000E+03  4.821979E-15
  7.704000E+03  4.837779E-15
  7.706000E+03  4.938304E-15
  7.708000E+03  4.922687E-15
  7.710000E+03  4.803187E-15
  7.712000E+03  4.979945E-15
  7.714000E+03  4.900885E-15
  7.716000E+03  4.999460E-15
  7.718000E+03  5.012200E-15
  7.720000E+03  5.020038E-15
  7.722000E+03  4.995909E-15
  7.724000E+03  4.941466E-15
  7.726000E+03  5.073745E-15
  7.728000E+03  5.058687E-15
  7.730000E+03  5.082915E-15
  7.732000E+03  4.928355E-15
  7.734000E+03  5.132812E-15
  7.736000E+03  5.037332E-15
  7.738000E+03  5.116858E-15
  7.740000E+03  5.110451E-15
  7.742000E+03  5.211985E-15
  7.744000E+03  5.127587E-15
  7.746000E+03  5.178079E-15
  7.748000E+03  5.207634E-15
  7.750000E+03  5.192160E-15
  7.752000E+03  5.204124E-15
  7.754000E+03  5.237460E-15
  7.756000E+03  5.245465E-15
  7.758000E+03  5.286276E-15
  7.760000E+03  5.360882E-15
  7.762000E+03  5.308111E-15
  7.764000E+03  5.411956E-15
  7.766000E+03  5.188300E-15
  7.768000E+03  5.206440E-15
  7.770000E+03  5.149194E-15
  7.772000E+03  5.103244E-15
  7.774000E+03  5.148205E-15
  7.776000E+03  5.238140E-15
  7.778000E+03  5.229580E-15
  7.780000E+03  5.267097E-15
  7.782000E+03  5.392400E-15
  7.784000E+03  5.372136E-15
  7.786000E+03  5.493770E-15
  7.788000E+03  5.365986E-15
  7.790000E+03  5.406592E-15
  7.792000E+03  5.465864E-15
  7.794000E+03  5.516069E-15
  7.796000E+03  5.424336E-15
  7.798000E+03  5.453887E-15
  7.800000E+03  5.329714E-15
  7.802000E+03  5.227075E-15
  7.804000E+03  5.473365E-15
  7.806000E+03  5.413638E-15
  7.808000E+03  5.306433E-15
  7.810000E+03  5.306311E-15
  7.812000E+03  5.416544E-15
  7.814000E+03  5.341042E-15
  7.816000E+03  5.339500E-15
  7.818000E+03  5.338114E-15
  7.820000E+03  5.441291E-15
  7.822000E+03  5.246874E-15
  7.824000E+03  5.353723E-15
  7.826000E+03  5.250868E-15
  7.828000E+03  5.380767E-15
  7.830000E+03  5.404243E-15
  7.832000E+03  5.321030E-15
  7.834000E+03  5.293623E-15
  7.836000E+03  5.275560E-15
  7.838000E+03  5.100526E-15
  7.840000E+03  5.186804E-15
  7.842000E+03  5.231111E-15
  7.844000E+03  5.172643E-15
  7.846000E+03  5.266167E-15
  7.848000E+03  5.158980E-15
  7.850000E+03  5.202837E-15
  7.852000E+03  5.093976E-15
  7.854000E+03  5.172301E-15
  7.856000E+03  5.180861E-15
  7.858000E+03  5.198055E-15
  7.860000E+03  5.142206E-15
  7.862000E+03  5.174853E-15
  7.864000E+03  5.036104E-15
  7.866000E+03  5.162987E-15
  7.868000E+03  5.107229E-15
  7.870000E+03  5.092910E-15
  7.872000E+03  5.107507E-15
  7.874000E+03  5.054387E-15
  7.876000E+03  4.960191E-15
  7.878000E+03  5.114832E-15
  7.880000E+03  5.155935E-15
  7.882000E+03  5.046004E-15
  7.884000E+03  5.031588E-15
  7.886000E+03  5.068941E-15
  7.888000E+03  5.037610E-15
  7.890000E+03  4.886547E-15
  7.892000E+03  4.880451E-15
  7.894000E+03  4.753931E-15
  7.896000E+03  4.901611E-15
  7.898000E+03  4.976741E-15
  7.900000E+03  4.872017E-15
  7.902000E+03  4.836797E-15
  7.904000E+03  4.919801E-15
  7.906000E+03  5.029765E-15
  7.908000E+03  4.853213E-15
  7.910000E+03  4.957834E-15
  7.912000E+03  4.900763E-15
  7.914000E+03  4.802804E-15
  7.916000E+03  4.875795E-15
  7.918000E+03  4.852692E-15
  7.920000E+03  4.918165E-15
  7.922000E+03  4.883035E-15
  7.924000E+03  4.839087E-15
  7.926000E+03  4.860411E-15
  7.928000E+03  4.748585E-15
  7.930000E+03  4.808261E-15
  7.932000E+03  4.914104E-15
  7.934000E+03  4.847467E-15
  7.936000E+03  5.013365E-15
  7.938000E+03  4.875222E-15
  7.940000E+03  4.784471E-15
  7.942000E+03  4.716568E-15
  7.944000E+03  4.673984E-15
  7.946000E+03  4.687026E-15
  7.948000E+03  4.630706E-15
  7.950000E+03  4.746001E-15
  7.952000E+03  4.868878E-15
  7.954000E+03  4.828957E-15
  7.956000E+03  4.758092E-15
  7.958000E+03  4.653243E-15
  7.960000E+03  4.659804E-15
  7.962000E+03  4.555403E-15
  7.964000E+03  4.763963E-15
  7.966000E+03  4.887542E-15
  7.968000E+03  4.790645E-15
  7.970000E+03  4.725068E-15
  7.972000E+03  4.779079E-15
  7.974000E+03  4.904700E-15
  7.976000E+03  4.897752E-15
  7.978000E+03  4.806577E-15
  7.980000E+03  4.805871E-15
  7.982000E+03  4.751547E-15
  7.984000E+03  4.698053E-15
  7.986000E+03  4.748469E-15
  7.988000E+03  4.834499E-15
  7.990000E+03  4.823480E-15
  7.992000E+03  4.856592E-15
  7.994000E+03  4.829451E-15
  7.996000E+03  4.870175E-15
  7.998000E+03  4.772020E-15
  8.000000E+03  4.779878E-15
  8.002000E+03  4.832157E-15
  8.004000E+03  4.890140E-15
  8.006000E+03  4.693500E-15
  8.008000E+03  4.778498E-15
  8.010000E+03  4.852391E-15
  8.012000E+03  4.664257E-15
  8.014000E+03  4.830661E-15
  8.016000E+03  4.808796E-15
  8.018000E+03  4.897738E-15
  8.020000E+03  4.710655E-15
  8.022000E+03  4.730138E-15
  8.024000E+03  4.752100E-15
  8.026000E+03  4.774502E-15
  8.028000E+03  4.686859E-15
  8.030000E+03  4.778384E-15
  8.032000E+03  4.829585E-15
  8.034000E+03  4.668348E-15
  8.036000E+03  4.724791E-15
  8.038000E+03  4.670817E-15
  8.040000E+03  4.788425E-15
  8.042000E+03  4.641210E-15
  8.044000E+03  4.567740E-15
  8.046000E+03  4.629911E-15
  8.048000E+03  4.747134E-15
  8.050000E+03  4.756864E-15
  8.052000E+03  4.796840E-15
  8.054000E+03  4.777992E-15
  8.056000E+03  4.744494E-15
  8.058000E+03  4.677379E-15
  8.060000E+03  4.718102E-15
  8.062000E+03  4.768912E-15
  8.064000E+03  4.633036E-15
  8.066000E+03  4.848786E-15
  8.068000E+03  4.698170E-15
  8.070000E+03  4.784662E-15
  8.072000E+03  4.732818E-15
  8.074000E+03  4.747275E-15
  8.076000E+03  4.594556E-15
  8.078000E+03  4.768875E-15
  8.080000E+03  4.606367E-15
  8.082000E+03  4.702870E-15
  8.084000E+03  4.568879E-15
  8.086000E+03  4.516050E-15
  8.088000E+03  4.631247E-15
  8.090000E+03  4.658923E-15
  8.092000E+03  4.565060E-15
  8.094000E+03  4.595817E-15
  8.096000E+03  4.671655E-15
  8.098000E+03  4.491511E-15
  8.100000E+03  4.711535E-15
  8.102000E+03  4.591156E-15
  8.104000E+03  4.618432E-15
  8.106000E+03  4.464388E-15
  8.108000E+03  4.573978E-15
  8.110000E+03  4.471521E-15
  8.112000E+03  4.476525E-15
  8.114000E+03  4.544343E-15
  8.116000E+03  4.614983E-15
  8.118000E+03  4.534489E-15
  8.120000E+03  4.389841E-15
  8.122000E+03  4.378837E-15
  8.124000E+03  4.432060E-15
  8.126000E+03  4.455528E-15
  8.128000E+03  4.403412E-15
  8.130000E+03  4.235866E-15
  8.132000E+03  4.023181E-15
  8.134000E+03  3.883775E-15
  8.136000E+03  4.222312E-15
  8.138000E+03  4.459025E-15
  8.140000E+03  3.952235E-15
  8.142000E+03  4.092668E-15
  8.144000E+03  4.238017E-15
  8.146000E+03  3.950834E-15
  8.148000E+03  3.661358E-15
  8.150000E+03  4.060254E-15
  8.152000E+03  3.832157E-15
  8.154000E+03  3.659118E-15
  8.156000E+03  4.050350E-15
  8.158000E+03  4.044723E-15
  8.160000E+03  3.792970E-15
  8.162000E+03  3.168594E-15
  8.164000E+03  3.416387E-15
  8.166000E+03  4.010804E-15
  8.168000E+03  3.575196E-15
  8.170000E+03  3.690966E-15
  8.172000E+03  4.333513E-15
  8.174000E+03  4.339343E-15
  8.176000E+03  3.459588E-15
  8.178000E+03  3.160326E-15
  8.180000E+03  3.827624E-15
  8.182000E+03  3.958022E-15
  8.184000E+03  4.237760E-15
  8.186000E+03  4.035435E-15
  8.188000E+03  3.654502E-15
  8.190000E+03  4.142351E-15
  8.192000E+03  3.834742E-15
  8.194000E+03  4.142524E-15
  8.196000E+03  4.001333E-15
  8.198000E+03  3.650490E-15
  8.200000E+03  3.870157E-15
  8.202000E+03  4.460528E-15
  8.204000E+03  4.594235E-15
  8.206000E+03  4.524840E-15
  8.208000E+03  4.458900E-15
  8.210000E+03  4.155243E-15
  8.212000E+03  4.215897E-15
  8.214000E+03  4.308750E-15
  8.216000E+03  4.308189E-15
  8.218000E+03  4.108079E-15
  8.220000E+03  4.177199E-15
  8.222000E+03  4.147183E-15
  8.224000E+03  3.705082E-15
  8.226000E+03  3.056982E-15
  8.228000E+03  2.454717E-15
  8.230000E+03  2.964943E-15
  8.232000E+03  3.441699E-15
  8.234000E+03  3.833425E-15
  8.236000E+03  4.119778E-15
  8.238000E+03  4.249619E-15
  8.240000E+03  4.194623E-15
  8.242000E+03  3.816088E-15
  8.244000E+03  3.975955E-15
  8.246000E+03  4.455260E-15
  8.248000E+03  4.439703E-15
  8.250000E+03  4.330587E-15
  8.252000E+03  4.172234E-15
  8.254000E+03  4.153085E-15
  8.256000E+03  3.892481E-15
  8.258000E+03  4.072501E-15
  8.260000E+03  4.149550E-15
  8.262000E+03  4.084405E-15
  8.264000E+03  4.361453E-15
  8.266000E+03  4.495160E-15
  8.268000E+03  4.514455E-15
  8.270000E+03  4.208493E-15
  8.272000E+03  3.919532E-15
  8.274000E+03  3.716857E-15
  8.276000E+03  3.963039E-15
  8.278000E+03  3.990538E-15
  8.280000E+03  3.762328E-15
  8.282000E+03  3.927399E-15
  8.284000E+03  4.406411E-15
  8.286000E+03  4.070755E-15
  8.288000E+03  3.550783E-15
  8.290000E+03  4.157568E-15
  8.292000E+03  4.176134E-15
  8.294000E+03  3.752111E-15
  8.296000E+03  4.141408E-15
  8.298000E+03  4.321211E-15
  8.300000E+03  3.986324E-15
  8.302000E+03  4.266622E-15
  8.304000E+03  3.671986E-15
  8.306000E+03  4.219526E-15
  8.308000E+03  4.367969E-15
  8.310000E+03  4.222265E-15
  8.312000E+03  4.122246E-15
  8.314000E+03  4.227149E-15
  8.316000E+03  4.066866E-15
  8.318000E+03  4.028305E-15
  8.320000E+03  3.820201E-15
  8.322000E+03  3.876600E-15
  8.324000E+03  4.423386E-15
  8.326000E+03  4.378678E-15
  8.328000E+03  4.334133E-15
  8.330000E+03  4.239089E-15
  8.332000E+03  4.199698E-15
  8.334000E+03  4.046603E-15
  8.336000E+03  4.388341E-15
  8.338000E+03  4.072410E-15
  8.340000E+03  4.227642E-15
  8.342000E+03  4.425934E-15
  8.344000E+03  4.500935E-15
  8.346000E+03  4.592076E-15
  8.348000E+03  4.389322E-15
  8.350000E+03  4.395978E-15
  8.352000E+03  4.352723E-15
  8.354000E+03  4.316198E-15
  8.356000E+03  4.194678E-15
  8.358000E+03  4.366438E-15
  8.360000E+03  4.315069E-15
  8.362000E+03  4.289680E-15
  8.364000E+03  4.270621E-15
  8.366000E+03  4.418606E-15
  8.368000E+03  4.394754E-15
  8.370000E+03  4.418700E-15
  8.372000E+03  4.362926E-15
  8.374000E+03  4.233857E-15
  8.376000E+03  4.427583E-15
  8.378000E+03  4.383131E-15
  8.380000E+03  4.381548E-15
  8.382000E+03  4.439094E-15
  8.384000E+03  4.396515E-15
  8.386000E+03  4.342744E-15
  8.388000E+03  4.341695E-15
  8.390000E+03  4.424893E-15
  8.392000E+03  4.354795E-15
  8.394000E+03  4.345131E-15
  8.396000E+03  4.391017E-15
  8.398000E+03  4.377836E-15
  8.400000E+03  4.382909E-15
  8.402000E+03  4.372782E-15
  8.404000E+03  4.337030E-15
  8.406000E+03  4.358912E-15
  8.408000E+03  4.159193E-15
  8.410000E+03  4.294185E-15
  8.412000E+03  4.372127E-15
  8.414000E+03  4.368130E-15
  8.416000E+03  2.999286E-15
  8.418000E+03  4.307956E-15
  8.420000E+03  4.395131E-15
  8.422000E+03  4.499961E-15
  8.424000E+03  4.387286E-15
  8.426000E+03  4.367520E-15
  8.428000E+03  4.390208E-15
  8.430000E+03  4.348134E-15
  8.432000E+03  4.328440E-15
  8.434000E+03  4.353777E-15
  8.436000E+03  4.247810E-15
  8.438000E+03  4.137998E-15
  8.440000E+03  4.154077E-15
  8.442000E+03  4.229987E-15
  8.444000E+03  4.266553E-15
  8.446000E+03  4.272497E-15
  8.448000E+03  4.233307E-15
  8.450000E+03  4.301035E-15
  8.452000E+03  4.311499E-15
  8.454000E+03  4.390415E-15
  8.456000E+03  4.378465E-15
  8.458000E+03  4.320193E-15
  8.460000E+03  4.275555E-15
  8.462000E+03  4.394588E-15
  8.464000E+03  4.318382E-15
  8.466000E+03  4.313927E-15
  8.468000E+03  4.251318E-15
  8.470000E+03  4.245216E-15
  8.472000E+03  4.309661E-15
  8.474000E+03  4.300195E-15
  8.476000E+03  4.323490E-15
  8.478000E+03  4.319773E-15
  8.480000E+03  4.429272E-15
  8.482000E+03  4.372236E-15
  8.484000E+03  4.439513E-15
  8.486000E+03  4.448841E-15
  8.488000E+03  4.355265E-15
  8.490000E+03  4.249062E-15
  8.492000E+03  4.285231E-15
  8.494000E+03  4.047628E-15
  8.496000E+03  4.173844E-15
  8.498000E+03  3.955984E-15
  8.500000E+03  4.072408E-15
  8.502000E+03  4.092092E-15
  8.504000E+03  4.180195E-15
  8.506000E+03  4.214467E-15
  8.508000E+03  4.182347E-15
  8.510000E+03  4.330102E-15
  8.512000E+03  4.189070E-15
  8.514000E+03  4.253731E-15
  8.516000E+03  4.324024E-15
  8.518000E+03  4.259897E-15
  8.520000E+03  4.350626E-15
  8.522000E+03  4.368367E-15
  8.524000E+03  4.290059E-15
  8.526000E+03  4.368480E-15
  8.528000E+03  4.335659E-15
  8.530000E+03  4.281955E-15
  8.532000E+03  4.212621E-15
  8.534000E+03  4.135935E-15
  8.536000E+03  3.937809E-15
  8.538000E+03  3.883983E-15
  8.540000E+03  3.804985E-15
  8.542000E+03  3.770577E-15
  8.544000E+03  3.854991E-15
  8.546000E+03  3.957591E-15
  8.548000E+03  3.961141E-15
  8.550000E+03  4.056186E-15
  8.552000E+03  4.199084E-15
  8.554000E+03  4.224271E-15
  8.556000E+03  4.238135E-15
  8.558000E+03  4.299437E-15
  8.560000E+03  4.330074E-15
  8.562000E+03  4.201922E-15
  8.564000E+03  4.171550E-15
  8.566000E+03  4.186445E-15
  8.568000E+03  4.144110E-15
  8.570000E+03  4.129774E-15
  8.572000E+03  4.216025E-15
  8.574000E+03  4.180246E-15
  8.576000E+03  3.977586E-15
  8.578000E+03  4.020670E-15
  8.580000E+03  3.930517E-15
  8.582000E+03  3.954225E-15
  8.584000E+03  3.962400E-15
  8.586000E+03  3.919860E-15
  8.588000E+03  3.924932E-15
  8.590000E+03  3.716429E-15
  8.592000E+03  3.913592E-15
  8.594000E+03  3.740882E-15
  8.596000E+03  3.553590E-15
  8.598000E+03  3.621266E-15
  8.600000E+03  3.753438E-15
  8.602000E+03  3.709883E-15
  8.604000E+03  3.753645E-15
  8.606000E+03  3.971811E-15
  8.608000E+03  3.921102E-15
  8.610000E+03  3.873026E-15
  8.612000E+03  4.030191E-15
  8.614000E+03  3.996538E-15
  8.616000E+03  4.020093E-15
  8.618000E+03  4.067953E-15
  8.620000E+03  4.057780E-15
  8.622000E+03  4.133593E-15
  8.624000E+03  4.202445E-15
  8.626000E+03  4.107697E-15
  8.628000E+03  4.010271E-15
  8.630000E+03  4.196098E-15
  8.632000E+03  4.281380E-15
  8.634000E+03  4.139748E-15
  8.636000E+03  4.316995E-15
  8.638000E+03  4.203515E-15
  8.640000E+03  4.143341E-15
  8.642000E+03  4.140792E-15
  8.644000E+03  4.102441E-15
  8.646000E+03  3.930463E-15
  8.648000E+03  3.916092E-15
  8.650000E+03  4.009375E-15
  8.652000E+03  3.824322E-15
  8.654000E+03  3.688064E-15
  8.656000E+03  3.719858E-15
  8.658000E+03  3.644062E-15
  8.660000E+03  3.333580E-15
  8.662000E+03  3.277722E-15
  8.664000E+03  3.360450E-15
  8.666000E+03  3.330675E-15
  8.668000E+03  3.490679E-15
  8.670000E+03  3.570531E-15
  8.672000E+03  3.677506E-15
  8.674000E+03  3.875816E-15
  8.676000E+03  3.739014E-15
  8.678000E+03  3.833780E-15
  8.680000E+03  3.937178E-15
  8.682000E+03  3.937969E-15
  8.684000E+03  3.964349E-15
  8.686000E+03  4.092982E-15
  8.688000E+03  4.070524E-15
  8.690000E+03  4.037945E-15
  8.692000E+03  4.176534E-15
  8.694000E+03  4.351592E-15
  8.696000E+03  4.378888E-15
  8.698000E+03  4.207985E-15
  8.700000E+03  4.041435E-15
  8.702000E+03  4.320696E-15
  8.704000E+03  4.162625E-15
  8.706000E+03  4.271896E-15
  8.708000E+03  4.219383E-15
  8.710000E+03  4.296348E-15
  8.712000E+03  4.195621E-15
  8.714000E+03  4.166303E-15
  8.716000E+03  4.170482E-15
  8.718000E+03  4.230809E-15
  8.720000E+03  4.118635E-15
  8.722000E+03  4.066386E-15
  8.724000E+03  4.079627E-15
  8.726000E+03  3.982430E-15
  8.728000E+03  4.014598E-15
  8.730000E+03  3.962747E-15
  8.732000E+03  3.964596E-15
  8.734000E+03  3.900148E-15
  8.736000E+03  3.775889E-15
  8.738000E+03  3.779918E-15
  8.740000E+03  3.586196E-15
  8.742000E+03  3.510236E-15
  8.744000E+03  3.392979E-15
  8.746000E+03  3.409555E-15
  8.748000E+03  3.354428E-15
  8.750000E+03  3.295819E-15
  8.752000E+03  3.205870E-15
  8.754000E+03  3.388826E-15
  8.756000E+03  3.357813E-15
  8.758000E+03  3.445648E-15
  8.760000E+03  3.401663E-15
  8.762000E+03  3.646987E-15
  8.764000E+03  3.729530E-15
  8.766000E+03  3.738387E-15
  8.768000E+03  3.759044E-15
  8.770000E+03  3.825118E-15
  8.772000E+03  3.945199E-15
  8.774000E+03  3.919356E-15
  8.776000E+03  3.860855E-15
  8.778000E+03  3.969018E-15
  8.780000E+03  3.975169E-15
  8.782000E+03  4.122564E-15
  8.784000E+03  3.846336E-15
  8.786000E+03  4.147303E-15
  8.788000E+03  4.115169E-15
  8.790000E+03  4.218830E-15
  8.792000E+03  4.322633E-15
  8.794000E+03  4.357083E-15
  8.796000E+03  4.312368E-15
  8.798000E+03  4.316989E-15
  8.800000E+03  4.296003E-15
  8.802000E+03  4.073715E-15
  8.804000E+03  4.381055E-15
  8.806000E+03  4.092402E-15
  8.808000E+03  4.112612E-15
  8.810000E+03  4.396754E-15
  8.812000E+03  4.205768E-15
  8.814000E+03  4.360156E-15
  8.816000E+03  4.313920E-15
  8.818000E+03  4.389591E-15
  8.820000E+03  4.209016E-15
  8.822000E+03  4.282476E-15
  8.824000E+03  4.236900E-15
  8.826000E+03  4.322756E-15
  8.828000E+03  4.177397E-15
  8.830000E+03  4.164763E-15
  8.832000E+03  4.173737E-15
  8.834000E+03  4.108794E-15
  8.836000E+03  4.099167E-15
  8.838000E+03  4.088115E-15
  8.840000E+03  4.150383E-15
  8.842000E+03  3.872448E-15
  8.844000E+03  3.757553E-15
  8.846000E+03  3.703376E-15
  8.848000E+03  3.622513E-15
  8.850000E+03  3.629259E-15
  8.852000E+03  3.443632E-15
  8.854000E+03  3.358232E-15
  8.856000E+03  3.338149E-15
  8.858000E+03  3.158701E-15
  8.860000E+03  3.126109E-15
  8.862000E+03  2.984242E-15
  8.864000E+03  3.014394E-15
  8.866000E+03  2.924760E-15
  8.868000E+03  3.127108E-15
  8.870000E+03  3.233061E-15
  8.872000E+03  3.526562E-15
  8.874000E+03  3.619539E-15
  8.876000E+03  3.519918E-15
  8.878000E+03  3.610805E-15
  8.880000E+03  3.851794E-15
  8.882000E+03  3.671160E-15
  8.884000E+03  3.875523E-15
  8.886000E+03  3.860176E-15
  8.888000E+03  3.979036E-15
  8.890000E+03  4.012922E-15
  8.892000E+03  4.243326E-15
  8.894000E+03  3.961420E-15
  8.896000E+03  3.719363E-15
  8.898000E+03  3.714907E-15
  8.900000E+03  3.925190E-15
  8.902000E+03  3.981197E-15
  8.904000E+03  3.859176E-15
  8.906000E+03  4.220258E-15
  8.908000E+03  4.100869E-15
  8.910000E+03  4.094501E-15
  8.912000E+03  4.150841E-15
  8.914000E+03  3.883968E-15
  8.916000E+03  4.074648E-15
  8.918000E+03  4.082925E-15
  8.920000E+03  4.078991E-15
  8.922000E+03  4.147776E-15
  8.924000E+03  4.136389E-15
  8.926000E+03  4.017340E-15
  8.928000E+03  3.770992E-15
  8.930000E+03  3.793203E-15
  8.932000E+03  3.926447E-15
  8.934000E+03  3.715402E-15
  8.936000E+03  3.892481E-15
  8.938000E+03  4.113975E-15
  8.940000E+03  3.937248E-15
  8.942000E+03  3.801047E-15
  8.944000E+03  3.815584E-15
  8.946000E+03  3.605657E-15
  8.948000E+03  3.696849E-15
  8.950000E+03  3.820315E-15
  8.952000E+03  3.575396E-15
  8.954000E+03  3.340431E-15
  8.956000E+03  3.506561E-15
  8.958000E+03  3.924316E-15
  8.960000E+03  3.946266E-15
  8.962000E+03  3.084969E-15
  8.964000E+03  3.190588E-15
  8.966000E+03  3.141338E-15
  8.968000E+03  3.673057E-15
  8.970000E+03  3.327820E-15
  8.972000E+03  2.896479E-15
  8.974000E+03  3.215098E-15
  8.976000E+03  3.595435E-15
  8.978000E+03  3.628305E-15
  8.980000E+03  2.930529E-15
  8.982000E+03  3.441609E-15
  8.984000E+03  3.624522E-15
  8.986000E+03  2.713131E-15
  8.988000E+03  1.917605E-15
  8.990000E+03  2.185431E-15
  8.992000E+03  2.297256E-15
  8.994000E+03  3.376903E-15
  8.996000E+03  3.576043E-15
  8.998000E+03  3.356775E-15
  9.000000E+03  2.330226E-15
  9.002000E+03  2.672101E-15
  9.004000E+03  2.312851E-15
  9.006000E+03  2.486639E-15
  9.008000E+03  2.282926E-15
  9.010000E+03  2.528145E-15
  9.012000E+03  2.138056E-15
  9.014000E+03  2.417499E-15
  9.016000E+03  1.927233E-15
  9.018000E+03  2.365524E-15
  9.020000E+03  2.903627E-15
  9.022000E+03  2.459039E-15
  9.024000E+03  2.586821E-15
  9.026000E+03  2.360964E-15
  9.028000E+03  3.171958E-15
  9.030000E+03  3.018996E-15
  9.032000E+03  3.079051E-15
  9.034000E+03  3.380510E-15
  9.036000E+03  3.512862E-15
  9.038000E+03  3.684923E-15
  9.040000E+03  3.500564E-15
  9.042000E+03  3.209907E-15
  9.044000E+03  3.469148E-15
  9.046000E+03  3.641123E-15
  9.048000E+03  3.445185E-15
  9.050000E+03  3.574592E-15
  9.052000E+03  3.256148E-15
  9.054000E+03  3.584592E-15
  9.056000E+03  3.763856E-15
  9.058000E+03  3.686682E-15
  9.060000E+03  3.226751E-15
  9.062000E+03  3.230532E-15
  9.064000E+03  3.317378E-15
  9.066000E+03  3.584910E-15
  9.068000E+03  2.966448E-15
  9.070000E+03  2.819959E-15
  9.072000E+03  2.606886E-15
  9.074000E+03  3.076994E-15
  9.076000E+03  3.633262E-15
  9.078000E+03  3.143924E-15
  9.080000E+03  2.384721E-15
  9.082000E+03  3.251809E-15
  9.084000E+03  3.716330E-15
  9.086000E+03  2.741443E-15
  9.088000E+03  2.878713E-15
  9.090000E+03  3.047227E-15
  9.092000E+03  3.185710E-15
  9.094000E+03  2.904937E-15
  9.096000E+03  3.383050E-15
  9.098000E+03  3.167038E-15
  9.100000E+03  2.414549E-15
  9.102000E+03  3.609944E-15
  9.104000E+03  3.532397E-15
  9.106000E+03  2.622487E-15
  9.108000E+03  2.859606E-15
  9.110000E+03  3.613740E-15
  9.112000E+03  3.708695E-15
  9.114000E+03  3.695022E-15
  9.116000E+03  3.383244E-15
  9.118000E+03  2.368766E-15
  9.120000E+03  3.154278E-15
  9.122000E+03  3.722281E-15
  9.124000E+03  3.541250E-15
  9.126000E+03  3.549743E-15
  9.128000E+03  2.819648E-15
  9.130000E+03  2.266119E-15
  9.132000E+03  3.006393E-15
  9.134000E+03  2.800068E-15
  9.136000E+03  2.002938E-15
  9.138000E+03  3.145602E-15
  9.140000E+03  3.457359E-15
  9.142000E+03  3.441491E-15
  9.144000E+03  3.282230E-15
  9.146000E+03  3.549785E-15
  9.148000E+03  3.663965E-15
  9.150000E+03  3.033215E-15
  9.152000E+03  2.205093E-15
  9.154000E+03  2.708574E-15
  9.156000E+03  2.331884E-15
  9.158000E+03  3.331755E-15
  9.160000E+03  3.120338E-15
  9.162000E+03  3.334294E-15
  9.164000E+03  3.409664E-15
  9.166000E+03  3.496082E-15
  9.168000E+03  2.924640E-15
  9.170000E+03  3.251280E-15
  9.172000E+03  2.800712E-15
  9.174000E+03  2.187641E-15
  9.176000E+03  2.372933E-15
  9.178000E+03  3.199504E-15
  9.180000E+03  3.403885E-15
  9.182000E+03  3.414651E-15
  9.184000E+03  2.726228E-15
  9.186000E+03  3.228333E-15
  9.188000E+03  3.631748E-15
  9.190000E+03  3.475935E-15
  9.192000E+03  3.143742E-15
  9.194000E+03  3.043762E-15
  9.196000E+03  2.923868E-15
  9.198000E+03  3.511566E-15
  9.200000E+03  3.632395E-15
  9.202000E+03  3.520053E-15
  9.204000E+03  3.508069E-15
  9.206000E+03  2.970388E-15
  9.208000E+03  3.046060E-15
  9.210000E+03  3.175419E-15
  9.212000E+03  3.004893E-15
  9.214000E+03  2.724800E-15
  9.216000E+03  2.681718E-15
  9.218000E+03  2.667914E-15
  9.220000E+03  2.939060E-15
  9.222000E+03  2.786423E-15
  9.224000E+03  2.643153E-15
  9.226000E+03  2.667354E-15
  9.228000E+03  2.510296E-15
  9.230000E+03  2.470422E-15
  9.232000E+03  2.625017E-15
  9.234000E+03  2.609337E-15
  9.236000E+03  2.631060E-15
  9.238000E+03  2.530433E-15
  9.240000E+03  3.032040E-15
  9.242000E+03  3.019714E-15
  9.244000E+03  2.806762E-15
  9.246000E+03  2.735982E-15
  9.248000E+03  3.451005E-15
  9.250000E+03  2.884841E-15
  9.252000E+03  3.232428E-15
  9.254000E+03  3.193750E-15
  9.256000E+03  3.533652E-15
  9.258000E+03  3.303639E-15
  9.260000E+03  2.878936E-15
  9.262000E+03  3.217645E-15
  9.264000E+03  3.597336E-15
  9.266000E+03  3.643590E-15
  9.268000E+03  3.509219E-15
  9.270000E+03  3.587865E-15
  9.272000E+03  3.078060E-15
  9.274000E+03  3.521697E-15
  9.276000E+03  3.492714E-15
  9.278000E+03  2.651719E-15
  9.280000E+03  2.818269E-15
  9.282000E+03  3.429007E-15
  9.284000E+03  3.084743E-15
  9.286000E+03  2.691413E-15
  9.288000E+03  3.231002E-15
  9.290000E+03  3.237893E-15
  9.292000E+03  3.081346E-15
  9.294000E+03  2.792653E-15
  9.296000E+03  2.877613E-15
  9.298000E+03  2.396710E-15
  9.300000E+03  2.441404E-15
  9.302000E+03  2.611957E-15
  9.304000E+03  2.626070E-15
  9.306000E+03  3.066561E-15
  9.308000E+03  1.921469E-15
  9.310000E+03  2.281614E-15
  9.312000E+03  3.171698E-15
  9.314000E+03  2.316960E-15
  9.316000E+03  7.866498E-16
  9.318000E+03  1.581304E-15
  9.320000E+03  2.180374E-15
  9.322000E+03  1.955045E-15
  9.324000E+03  1.035129E-15
  9.326000E+03  1.567193E-15
  9.328000E+03  2.157274E-15
  9.330000E+03  2.512864E-15
  9.332000E+03  1.768019E-15
  9.334000E+03  8.139129E-16
  9.336000E+03  1.581768E-15
  9.338000E+03  1.001138E-15
  9.340000E+03  1.598755E-15
  9.342000E+03  1.072154E-15
  9.344000E+03  3.547209E-16
  9.346000E+03  1.113711E-15
  9.348000E+03  3.173335E-15
  9.350000E+03  3.188421E-15
  9.352000E+03  2.104861E-15
  9.354000E+03  9.470681E-16
  9.356000E+03  1.467424E-15
  9.358000E+03  8.703370E-16
  9.360000E+03  2.226664E-15
  9.362000E+03  3.064442E-15
  9.364000E+03  2.120618E-15
  9.366000E+03  8.989859E-16
  9.368000E+03  1.883803E-15
  9.370000E+03  9.696035E-16
  9.372000E+03  1.265013E-15
  9.374000E+03  2.705830E-15
  9.376000E+03  2.404805E-15
  9.378000E+03  1.325093E-15
  9.380000E+03  1.279904E-15
  9.382000E+03  1.268179E-15
  9.384000E+03  2.850725E-15
  9.386000E+03  1.927420E-15
  9.388000E+03  2.185934E-15
  9.390000E+03  3.720335E-15
  9.392000E+03  3.658920E-15
  9.394000E+03  3.727331E-15
  9.396000E+03  3.690385E-15
  9.398000E+03  3.265442E-15
  9.400000E+03  2.637101E-15
  9.402000E+03  2.695221E-15
  9.404000E+03  2.923784E-15
  9.406000E+03  3.277171E-15
  9.408000E+03  2.863480E-15
  9.410000E+03  1.970265E-15
  9.412000E+03  2.429670E-15
  9.414000E+03  2.987390E-15
  9.416000E+03  3.471208E-15
  9.418000E+03  2.152806E-15
  9.420000E+03  3.085524E-15
  9.422000E+03  2.444668E-15
  9.424000E+03  3.226394E-15
  9.426000E+03  2.255687E-15
  9.428000E+03  9.879372E-16
  9.430000E+03  1.292084E-15
  9.432000E+03  2.562980E-15
  9.434000E+03  3.820244E-15
  9.436000E+03  3.504685E-15
  9.438000E+03  1.649382E-15
  9.440000E+03  1.425744E-15
  9.442000E+03  4.341634E-16
  9.444000E+03  1.295088E-15
  9.446000E+03  2.232528E-15
  9.448000E+03  3.271251E-15
  9.450000E+03  3.047586E-15
  9.452000E+03  3.231288E-15
  9.454000E+03  2.992745E-15
  9.456000E+03  1.315160E-15
  9.458000E+03  2.005338E-15
  9.460000E+03  1.874384E-15
  9.462000E+03  1.004894E-15
  9.464000E+03  2.668951E-15
  9.466000E+03  2.601493E-15
  9.468000E+03  2.558653E-15
  9.470000E+03  1.562624E-15
  9.472000E+03  1.746653E-15
  9.474000E+03  2.666751E-15
  9.476000E+03  1.721136E-15
  9.478000E+03  2.871036E-15
  9.480000E+03  2.779374E-15
  9.482000E+03  9.826793E-16
  9.484000E+03  1.421362E-15
  9.486000E+03  3.124316E-15
  9.488000E+03  2.787217E-15
  9.490000E+03  3.483282E-15
  9.492000E+03  3.564881E-15
  9.494000E+03  2.368528E-15
  9.496000E+03  1.171999E-15
  9.498000E+03  1.902568E-15
  9.500000E+03  1.674709E-15
  9.502000E+03  8.313032E-16
  9.504000E+03  1.626029E-15
  9.506000E+03  2.809537E-15
  9.508000E+03  3.060613E-15
  9.510000E+03  3.552831E-15
  9.512000E+03  3.716860E-15
  9.514000E+03  3.206726E-15
  9.516000E+03  2.619122E-15
  9.518000E+03  2.139381E-15
  9.520000E+03  1.515668E-15
  9.522000E+03  1.969573E-15
  9.524000E+03  1.595169E-15
  9.526000E+03  1.851898E-15
  9.528000E+03  2.242139E-15
  9.530000E+03  2.327117E-15
  9.532000E+03  1.663059E-15
  9.534000E+03  2.457043E-15
  9.536000E+03  2.527418E-15
  9.538000E+03  2.387972E-15
  9.540000E+03  1.954027E-15
  9.542000E+03  2.376572E-15
  9.544000E+03  2.394324E-15
  9.546000E+03  1.705440E-15
  9.548000E+03  1.096192E-15
  9.550000E+03  1.667281E-15
  9.552000E+03  2.094584E-15
  9.554000E+03  1.804281E-15
  9.556000E+03  2.102245E-15
  9.558000E+03  1.057944E-15
  9.560000E+03  1.562844E-15
  9.562000E+03  1.236674E-15
  9.564000E+03  2.849377E-15
  9.566000E+03  2.674985E-15
  9.568000E+03  1.778286E-15
  9.570000E+03  1.403000E-15
  9.572000E+03  1.626069E-15
  9.574000E+03  2.146425E-15
  9.576000E+03  2.329923E-15
  9.578000E+03  2.593098E-15
  9.580000E+03  2.758444E-15
  9.582000E+03  2.726418E-15
  9.584000E+03  2.718749E-15
  9.586000E+03  1.590242E-15
  9.588000E+03  2.198006E-15
  9.590000E+03  2.623332E-15
  9.592000E+03  2.502492E-15
  9.594000E+03  2.071249E-15
  9.596000E+03  1.429837E-15
  9.598000E+03  1.286217E-15
  9.600000E+03  1.809306E-15
  9.602000E+03  2.097687E-15
  9.604000E+03  2.438721E-15
  9.606000E+03  2.139546E-15
  9.608000E+03  2.549021E-15
  9.610000E+03  2.978946E-15
  9.612000E+03  2.091717E-15
  9.614000E+03  1.978907E-15
  9.616000E+03  2.345592E-15
