filename	spectral_type	luminosity_class	Teff	mU	mV	mK	mBol	BC_U	BC_V	BC_K
pickles_uk_1	O5	V	39810.7	-6.211844240373715	-5.400985950359292	-2.46880397073825	-6.349689052454217	0.1378448120805018	0.9487031020949246	3.8808850817159666
pickles_uk_2	O9	V	35481.4	-4.719122621412417	-4.00272119008396	-1.1810340632264982	-5.594923524167939	0.8758009027555218	1.5922023340839786	4.413889460941441
pickles_uk_3	B0	V	28183.8	-4.352488947017399	-3.701350252432327	-1.0120291815738298	-5.323059500672585	0.9705705536551861	1.6217092482402578	4.311030319098755
pickles_uk_4	B1	V	22387.2	-3.660915849638535	-3.2012760407319405	-0.6332882076546227	-4.537119289486775	0.8762034398482399	1.3358432487548342	3.903831081832152
pickles_uk_5	B3	V	19054.6	-2.268981931996585	-2.102592047408841	0.529268291263449	-3.0805215144327533	0.8115395824361684	0.9779294670239125	3.6097898056962023
pickles_uk_6	B6	V	14125.4	-0.5321932302614556	-0.6990032349941586	1.4925970498876353	-1.367973369583325	0.8357801393218693	0.6689701345891663	2.8605704194709602
pickles_uk_7	B8	V	11749.0	0.37465564704142196	0.00045065928753018625	2.043972907047909	-0.4948152668163104	0.8694709138577323	0.49526592610384057	2.5387881738642193
pickles_uk_9	A0	V	9549.93	1.3671910289128348	0.5982119029043744	2.444275615350911	0.2547360873287019	1.112454941584133	0.3434758155756725	2.189539528022209
pickles_uk_10	A2	V	8912.51	1.9342736194940642	1.0955903929506476	3.0709762902417808	0.801428008531893	1.1328456109621712	0.29416238441875464	2.2695482817098878
pickles_uk_11	A3	V	8790.23	2.2767872008984824	1.3948433110335259	3.361811672340977	1.1097987606050523	1.16698844029343	0.28504455042847354	2.2520129117359247
pickles_uk_12	A5	V	8491.8	2.865052220680532	1.8957806894694684	3.3524423368012535	1.545544114120169	1.319508106560363	0.35023657534929953	1.8068982226810846
pickles_uk_14	F0	V	7211.08	3.6759764766929734	2.5960047812306257	3.7317550159459714	2.147539265879338	1.5284372108136353	0.44846551535128754	1.5842157500666332
pickles_uk_15	F2	V	6776.42	4.012264575561666	2.898467341416122	4.09703369164383	2.42724886603731	1.585015709524356	0.47121847537881223	1.66978482560652
pickles_uk_16	F5	V	6531.31	4.538823951327402	3.395323899088787	4.180714858040211	2.8230301625543106	1.715793788773091	0.5722937365344762	1.3576846954859008
pickles_uk_20	F8	V	6039.48	5.215338467534075	3.89631215928506	4.493727703440086	3.2242981556879613	1.9910403118461133	0.6720140035970985	1.2694295477521251
pickles_uk_23	G0	V	5807.64	5.723250916346721	4.293131993479449	4.838984441445035	3.606793339166032	2.1164575771806895	0.6863386543134169	1.2321911022790033
pickles_uk_26	G2	V	5636.38	6.218647177690457	4.692957185215967	4.976808310624769	3.8961029797323548	2.322544197958102	0.7968542054836121	1.080705330892414
pickles_uk_27	G5	V	5584.7	6.872742603816285	5.195868900376368	5.529604621835894	4.415799318892731	2.456943284923554	0.7800695814836374	1.1138053029431632
pickles_uk_30	G8	V	5333.35	7.4255508757765725	5.592938357643668	5.680155241423066	4.7072550947739344	2.718295781002638	0.8856832628697333	0.9729001466491312
pickles_uk_31	K0	V	5188.0	7.833122692122664	5.894456205835503	5.817687061272991	4.941382657606532	2.8917400345161326	0.9530735482289714	0.8763044036664596
pickles_uk_33	K2	V	4886.52	8.696017288649486	6.393025372534289	5.99764439181434	5.261674232592554	3.4343430560569317	1.131351139941735	0.735970159221786
pickles_uk_36	K5	V	4187.94	10.292052393090238	7.195943401728421	6.147176744582055	5.604528639249011	4.687523753841226	1.5914147624794097	0.5426481053330434
pickles_uk_37	K7	V	3999.45	11.123486254429046	7.902257281888282	6.64081692743688	6.109948855288067	5.013537399140979	1.792308426600215	0.530868072148813
pickles_uk_38	M0	V	3801.89	12.278177365054738	8.998621455764471	7.155411694649402	6.812411177229649	5.465766187825089	2.1862102785348227	0.34300051741975324
pickles_uk_40	M2	V	3548.13	14.474648642368372	11.199069549485998	8.906034318475555	8.611072436808392	5.86357620555998	2.5879971126776056	0.2949618816671631
pickles_uk_43	M4	V	3111.72	17.21037693697121	13.386130277204842	9.94548712580783	9.76842613631107	7.441950800660138	3.617704140893771	0.1770609894967592
pickles_uk_44	M5	V	2951.21	18.488423125259253	14.596231975046052	10.06018576725969	10.103470605916065	8.384952519343187	4.492761369129987	-0.04328483865637622
pickles_uk_46	B2	IV	19952.6	-3.8865056949818353	-3.400130545796756	-0.8827852902220954	-4.677072992445368	0.7905672974635323	1.2769424466486115	3.794287702223272
pickles_uk_47	B6	IV	12589.3	-1.0107433204345782	-1.3001187506328904	0.8917621210820528	-1.8855392706549594	0.8747959502203813	0.585420520022069	2.777301391737012
pickles_uk_48	A0	IV	9727.47	1.0042013271521952	0.29846846365508384	2.132060306091766	-0.04596574509190532	1.0501670722441006	0.34443420874698916	2.1780260511836715
pickles_uk_49	A7	IV	7943.28	2.3956649850170706	1.4964593174506504	2.9459179594602887	1.141944469716826	1.2537205153002446	0.35451484773382447	1.8039734897434627
pickles_uk_50	F0	IV	7030.72	3.177376717346391	2.0952935109620157	3.1915261039629357	1.630353171423927	1.547023545922464	0.46494033953808866	1.5611729325390087
pickles_uk_51	F5	IV	6561.45	2.6447087839873262	1.4972777337121812	2.3530101337905265	0.9298344446641522	1.714874339323174	0.567443289048029	1.4231756891263743
pickles_uk_52	F8	IV	6151.77	3.6885798831849215	2.295590593176051	2.84926127517717	1.6254965813723956	2.063083301812526	0.6700940118036556	1.2237646938047746
pickles_uk_53	G0	IV	5929.25	4.40319714567984	2.894404643842833	3.310270620408083	2.1920521744490884	2.211144971230752	0.7023524693937446	1.1182184459589948
pickles_uk_54	G2	IV	5688.53	4.567659218434464	2.8949893873307104	3.231337532662799	2.1545368611576805	2.4131223572767837	0.7404525261730299	1.0768006715051186
pickles_uk_55	G5	IV	5597.57	4.837341984240176	2.993256750395581	3.2343636732480547	2.195377690722495	2.641964293517681	0.797879059673086	1.0389859825255598
pickles_uk_56	G8	IV	5308.84	5.180601984054391	3.095086798806001	3.121976248245943	2.1706531350516443	3.009948849002747	0.9244336637543569	0.9513231131942987
pickles_uk_57	K0	IV	5011.87	5.486006015205959	3.0937000970547075	2.8971006612599624	2.079450027253486	3.4065559879524727	1.0142500698012213	0.8176506340064762
pickles_uk_58	K1	IV	4786.3	5.555254016531073	3.095696001469385	2.7897488273968847	1.998779754186117	3.556474262344956	1.0969162472832679	0.7909690732107677
pickles_uk_59	K3	IV	4570.88	6.17118931443887	3.0962885926503247	2.507702590008826	1.8103654545757877	4.360823859863082	1.285923138074537	0.6973371354330382
pickles_uk_60	O8	III	31622.8	-5.936968694207934	-5.2007715653094735	-2.5049152965607533	-6.346263132608918	0.409294438400984	1.1454915672994446	3.8413478360481648
pickles_uk_61	B2	III	19952.6	-4.588213598235669	-4.099679380308807	-1.5305760379343596	-5.290816457414756	0.7026028591790876	1.1911370771059495	3.7602404194803967
pickles_uk_63	B5	III	14791.1	-2.028271146451118	-2.0990143869813878	0.13363050991669922	-2.7995251253724973	0.7712539789213793	0.7005107383911096	2.9331556352891965
pickles_uk_64	B9	III	11091.8	-0.13808216377137938	-0.6992791715123943	1.3134761295481496	-1.1038371483416043	0.9657549845702249	0.40455797682921	2.417313277889754
pickles_uk_65	A0	III	9571.94	0.47130869549150844	-0.30650385598230656	1.5179097140519673	-0.6793040397072545	1.150612735198763	0.37280018372494794	2.197213753759222
pickles_uk_67	A5	III	8452.79	1.6004096597180535	0.5914624766585632	2.0328868070643153	0.24989596861367147	1.350513691104382	0.34156650804489175	1.7829908384506439
pickles_uk_69	F0	III	7585.78	2.623539533272698	1.4948058435342944	2.6167555384459504	1.06463890148504	1.5589006317876581	0.43016694204925443	1.5521166369609105
pickles_uk_71	F5	III	6531.31	2.7113269689936033	1.4965166958657363	2.2097814031958265	0.9055208308549325	1.8058061381386707	0.5909958650108038	1.304260572340894
pickles_uk_72	G0	III	5610.48	2.6455911266971412	0.9946079194152659	1.073587255579433	0.121915294204193	2.5236758324929482	0.8726926252110729	0.95167196137524
pickles_uk_73	G5	III	5164.16	2.57296178262218	0.39676140882397704	0.18225402975084393	-0.6349693251246649	3.2079311077468446	1.031730733948642	0.8172233548755088
pickles_uk_76	G8	III	5011.87	2.8470486676049944	0.4952528335197641	0.20529081739127975	-0.5822571552885023	3.4293058228934967	1.0775099888082664	0.787547972679782
pickles_uk_78	K0	III	4852.89	3.0161476247664964	0.49682069370474835	0.07245060201150011	-0.6561098555092997	3.672257480275796	1.152930549214048	0.7285604575207998
pickles_uk_87	K3	III	4365.16	3.286273386838097	0.09648942584764342	-1.1936401481866454	-1.5423619166612212	4.828635303499318	1.6388513425088647	0.3487217684745758
pickles_uk_93	K5	III	4008.67	3.6283377504577032	-0.20138609202829372	-1.958905025873861	-2.2473976216182407	5.875735372075944	2.046011529589947	0.2884925957443798
pickles_uk_95	M0	III	3819.44	2.949973898816772	-0.6947586061279765	-2.7023207465246415	-2.927958139461616	5.877932038278388	2.2331995333336394	0.22563739293697438
pickles_uk_100	M5	III	3419.79	2.5471235025104377	-0.5211310834122074	-4.544899498482714	-4.516982440058136	7.064105942568574	3.995851356645929	-0.02791705842457759
pickles_uk_105	M9	III	2500.35	1.330783344783633	0.04204310457363647	-7.7643212161931885	-7.418260716784651	8.749044061568284	7.460303821358288	-0.3460604994085372
pickles_uk_106	B2	II	15995.6	-5.473817529272829	-5.1024393377885175	-2.8388770465632476	-5.930519147068232	0.4567016177954031	0.8280798092797141	3.091642100504984
pickles_uk_107	B5	II	12589.3	-4.565545239566411	-4.499793075763932	-2.508681980206525	-5.160990064130779	0.5954448245643675	0.6611969883668465	2.652308083924254
pickles_uk_108	F0	II	7943.28	-1.4282628619202526	-2.507006867541172	-1.3051131887969873	-2.882515616478905	1.4542527545586523	0.3755087489377331	1.5774024276819176
pickles_uk_109	F2	II	7328.25	-1.2345369069257544	-2.5033308924172317	-1.4390369435880572	-2.9331866436440563	1.698649736718302	0.4298557512268246	1.4941497000559991
pickles_uk_110	G5	II	5248.07	-0.25930344228929414	-2.400667272776367	-2.38636083129812	-3.2954849209158255	3.0361814786265313	0.8948176481394583	0.9091240896177055
pickles_uk_111	K1	II	5011.87	0.7654926029321203	-2.5012631690301887	-2.894011744758508	-3.6751776423292313	4.440670245261352	1.1739144732990425	0.7811658975707232
pickles_uk_112	K2	II	4255.98	1.3580924040021856	-2.4987766928738537	-3.8426406082463203	-4.250045572840946	5.608137976843132	1.7512688799670926	0.40740496459462605
pickles_uk_113	M3	II	3411.93	1.4407498611475447	-2.7994889890943284	-5.988900794544577	-5.963081463770905	7.40383132491845	3.1635924746765767	-0.025819330773671822
pickles_uk_114	B0	I	26001.6	-7.049813658696181	-6.502800038226411	-3.9440292283552836	-7.699439280287656	0.6496256215914755	1.196639242061245	3.7554100519323725
pickles_uk_117	B5	I	13396.8	-6.467533457215822	-6.399677774398604	-4.427609079085819	-7.0711543461074555	0.6036208888916335	0.6714765717088511	2.6435452670216364
pickles_uk_118	B8	I	11194.4	-6.258707743331023	-6.401198513693203	-4.523237673172829	-6.811187398586256	0.5524796552552331	0.4099888848930533	2.2879497254134264
pickles_uk_119	A0	I	9727.47	-5.893274081746057	-6.400969854607432	-4.763576810229388	-6.7934518559522346	0.9001777742061776	0.3924820013448027	2.0298750457228465
pickles_uk_121	F0	I	7691.3	-5.629836314273547	-6.8047590989686455	-5.5410552297162425	-7.194950272474422	1.5651139582008753	0.3901911735057766	1.6538950427581796
pickles_uk_122	F5	I	6637.43	-5.390531840964968	-6.60509796233783	-5.528319262776073	-7.074992879549775	1.6844610385848071	0.46989491721194554	1.5466736167737025
pickles_uk_123	F8	I	6095.37	-4.653597273875754	-6.407399084709304	-5.783403818079449	-6.97503586272763	2.3214385888518763	0.5676367780183256	1.1916320446481805
pickles_uk_124	G0	I	5508.08	-4.356125687862487	-6.30528811134392	-5.93167636198654	-6.994497188166598	2.6383715003041104	0.689209076822678	1.062820826180058
pickles_uk_126	G5	I	5046.61	-3.4842131623312227	-6.101520601560296	-6.087168079992985	-6.979868531779424	3.495655369448201	0.8783479302191282	0.892700451786439
pickles_uk_127	G8	I	4591.98	-3.011348147363684	-6.099785170307719	-6.0857847529933125	-7.0846340879593654	4.073285940595682	0.9848489176516466	0.998849334966053
pickles_uk_128	K2	I	4255.98	-2.269487690297275	-6.100595715850837	-6.5424759895507805	-7.3771269040352365	5.107639213737961	1.2765311881844	0.834650914484456
pickles_uk_130	K4	I	3990.25	-2.114166413770434	-6.196362836227998	-8.049142743380429	-8.31530363664789	6.201137222877456	2.1189408004198924	0.26616089326746106
pickles_uk_131	M2	I	3451.44	-2.0531147750277015	-6.301077451530638	-8.79763588141418	-8.971456856027565	6.918342080999864	2.670379404496927	0.17382097461338475
wd1	DA0	D	50400.0	10.447935842967482	10.796696055306668		10.76967670491073	-0.3217408619432476	0.027019350395939057	
wd2	DA6	D	8400.0	14.201804912211806	13.701314993901505		13.810218097678124	0.3915868145336816	-0.10890310377661905	
